step,system_total_stopped,system_total_waiting_time,system_mean_waiting_time,system_mean_speed,J17_stopped,J17_accumulated_waiting_time,J17_average_speed,J18_stopped,J18_accumulated_waiting_time,J18_average_speed,agents_total_stopped,agents_total_accumulated_waiting_time
5.0,0,0.0,0.0,11.5507900124368,0,0.0,1.0,0,0.0,0.9322717055724483,0,0.0
10.0,0,0.0,0.0,12.913096725053231,0,0.0,0.9416128151136715,0,0.0,0.9651224356948891,0,0.0
15.0,0,0.0,0.0,13.053859023608874,0,0.0,0.973057383681717,0,0.0,0.9476615859617828,0,0.0
20.0,1,1.0,0.09090909090909091,11.536992335558686,1,1.0,0.7993005917827628,0,0.0,0.9669417571230106,1,1.0
25.0,3,9.0,0.6,8.107636612768793,2,8.0,0.49639755913460176,1,1.0,0.7213658964127199,3,9.0
30.0,8,33.0,1.65,7.078937409281025,4,20.0,0.48451652811514795,4,13.0,0.5023562201135212,8,33.0
35.0,6,51.0,2.217391304347826,6.857651809547182,3,29.0,0.5089158212742618,3,22.0,0.4612624464486091,6,51.0
40.0,8,87.0,3.3461538461538463,8.246472501812242,3,47.0,0.45762781198539887,5,46.0,0.6006061714202008,8,93.0
45.0,8,89.0,3.1785714285714284,7.783166063159821,4,55.0,0.44944294454687367,4,40.0,0.6006428205635297,8,95.0
50.0,12,134.0,4.1875,7.275440385357079,6,82.0,0.47443399521312746,6,64.0,0.44440410826379895,12,146.0
55.0,11,99.0,3.3,5.969463598173733,4,62.0,0.5972591482534392,7,58.0,0.24792559097746913,11,120.0
60.0,9,139.0,4.483870967741935,7.318658324286139,4,85.0,0.543393505907064,5,74.0,0.3336945141209913,9,159.0
65.0,11,129.0,3.909090909090909,6.3147901656961105,4,68.0,0.3922757419853293,7,101.0,0.3779617374299028,11,169.0
70.0,13,137.0,3.7027027027027026,6.198559679952781,8,79.0,0.36524020958009984,5,94.0,0.5288387297220671,13,173.0
75.0,11,142.0,3.736842105263158,6.250633361079268,6,95.0,0.3740168234019599,5,92.0,0.562028736337615,11,187.0
80.0,17,197.0,4.690476190476191,5.8089290037962105,11,120.0,0.32965276667062227,6,111.0,0.5093087021164774,17,231.0
85.0,15,199.0,4.326086956521739,6.149872588011255,7,118.0,0.4616939250931023,8,142.0,0.4493400489907955,15,260.0
90.0,11,95.0,1.9791666666666667,6.279183269700745,3,71.0,0.5371988617552417,8,97.0,0.35870338310561256,11,168.0
95.0,12,127.0,2.702127659574468,6.371698547010654,6,86.0,0.35130389151034397,6,77.0,0.38939874578736944,12,163.0
100.0,18,172.0,3.372549019607843,5.046291163550182,10,126.0,0.19547597666071206,8,88.0,0.24745353028060607,18,214.0
105.0,24,229.0,4.403846153846154,5.250548120951406,12,150.0,0.2652578123378959,12,127.0,0.30121220219809247,24,277.0
110.0,23,263.0,5.26,5.29576455881909,14,201.0,0.29833399168114916,9,132.0,0.4149824715763542,23,333.0
115.0,18,273.0,5.6875,5.537975837793962,10,215.0,0.34593731869571476,8,130.0,0.37765531587840884,18,345.0
120.0,14,149.0,2.98,5.624789265924245,3,178.0,0.3951618539341394,11,137.0,0.26856408112946967,14,315.0
125.0,13,101.0,2.1041666666666665,5.349353278173595,3,108.0,0.30042937441433104,10,121.0,0.21230559910105334,13,229.0
130.0,18,108.0,2.16,4.913255393760044,10,144.0,0.18912132451122268,8,112.0,0.2773860656299142,18,256.0
135.0,20,180.0,3.673469387755102,6.189351364932589,11,159.0,0.33507129921410095,9,140.0,0.3237662786140284,20,299.0
140.0,9,158.0,3.761904761904762,6.761198382020478,3,106.0,0.5644508179646713,6,142.0,0.25626554025317677,9,248.0
145.0,10,162.0,3.6818181818181817,6.816143119557327,4,98.0,0.41931363441469216,6,147.0,0.26185695470721354,10,245.0
150.0,15,114.0,2.590909090909091,5.949109206989648,10,97.0,0.2022134280040487,5,115.0,0.35283069035701115,15,212.0
155.0,14,120.0,2.727272727272727,6.981663362306082,11,116.0,0.3047524702454049,3,72.0,0.485955224754791,14,188.0
160.0,10,124.0,3.1794871794871793,7.649073909079139,7,87.0,0.45360412639019126,3,77.0,0.5107238274612812,10,164.0
165.0,8,120.0,3.1578947368421053,7.096122704281258,5,89.0,0.3637583569149113,3,92.0,0.5833048868466217,8,181.0
170.0,12,172.0,4.526315789473684,6.328033000563224,9,105.0,0.24090621641159515,3,113.0,0.5210568073110442,12,218.0
175.0,13,176.0,4.4,6.680849724380522,8,121.0,0.23048267708037126,5,103.0,0.6458322326256069,13,224.0
180.0,12,208.0,5.2,7.863088663437731,7,116.0,0.3756148200903901,5,128.0,0.5978978638277692,12,244.0
185.0,11,141.0,3.357142857142857,5.250423015190948,7,111.0,0.3454092825090202,4,71.0,0.31408571827071247,11,182.0
190.0,17,204.0,4.636363636363637,6.282144507394918,8,154.0,0.4092973469967369,9,83.0,0.36842778352870403,17,237.0
195.0,20,224.0,4.977777777777778,5.627496290431503,8,150.0,0.3687615048692652,12,137.0,0.3648271550754278,20,287.0
200.0,18,246.0,5.3478260869565215,5.575052343922847,9,131.0,0.3728331692883916,9,163.0,0.357979181700516,18,294.0
205.0,18,249.0,6.225,4.72867226115998,7,128.0,0.26140629703019747,11,164.0,0.32117854450445366,18,292.0
210.0,17,228.0,5.3023255813953485,5.098564099090126,5,103.0,0.34705040055254827,12,168.0,0.16487574476607608,17,271.0
215.0,15,132.0,2.933333333333333,5.4246433593891465,4,67.0,0.4032348749655741,11,171.0,0.10990559573516823,15,238.0
220.0,16,163.0,3.4680851063829787,5.848642444667067,7,63.0,0.460744851724119,9,198.0,0.24947254696539103,16,261.0
225.0,16,192.0,4.085106382978723,6.047357917659422,6,73.0,0.5213604990964213,10,215.0,0.29982107302680233,16,288.0
230.0,17,214.0,4.037735849056604,6.254327454955801,9,94.0,0.41992447068217714,8,228.0,0.439881924158745,17,322.0
235.0,17,251.0,4.4035087719298245,6.414363336919478,10,123.0,0.38871280318407925,7,210.0,0.46042430858064404,17,333.0
240.0,23,319.0,5.5,5.881021063040482,14,175.0,0.25551693484016086,9,212.0,0.4000422717562566,23,387.0
245.0,23,284.0,4.655737704918033,5.680493980437498,14,200.0,0.346055741200518,9,191.0,0.26313697928931323,23,391.0
250.0,17,122.0,2.033333333333333,5.783210599806619,7,155.0,0.39781333860198165,10,133.0,0.17848132206598272,17,288.0
255.0,21,157.0,2.5737704918032787,5.020106694223275,6,149.0,0.3528116424696742,15,167.0,0.10137291192032682,21,316.0
260.0,26,228.0,3.8,5.5834144926268925,13,171.0,0.3410956403494365,13,210.0,0.23410704199941657,26,381.0
265.0,27,301.0,4.703125,5.652440584970854,15,206.0,0.3599850539903421,12,245.0,0.30007087914184905,27,451.0
270.0,27,328.0,4.96969696969697,5.237824708901535,17,271.0,0.3203374702736376,10,248.0,0.32641694249449793,27,519.0
275.0,26,312.0,4.588235294117647,5.680365554605917,19,300.0,0.22163517108006725,7,192.0,0.44768979530175107,26,492.0
280.0,23,217.0,3.1449275362318843,5.524607763570187,16,265.0,0.1924542038993057,7,163.0,0.351344675060959,23,428.0
285.0,22,227.0,3.289855072463768,6.324078019131453,12,264.0,0.33253209953021945,10,127.0,0.22822091070724457,22,391.0
290.0,25,263.0,3.984848484848485,5.30402022837468,15,298.0,0.24536280934804092,10,142.0,0.27734040672698035,25,440.0
295.0,25,299.0,4.82258064516129,5.186960191087315,17,344.0,0.1961550991486993,8,139.0,0.376054151284973,25,483.0
300.0,30,343.0,5.813559322033898,4.245929436252202,20,396.0,0.16571110325034244,10,135.0,0.3417310541061718,30,531.0
305.0,25,420.0,7.241379310344827,5.358663592533539,14,402.0,0.2711378197885454,11,173.0,0.28246695955631373,25,575.0
310.0,22,386.0,7.0181818181818185,4.2028065940023005,12,399.0,0.28880112602850294,10,178.0,0.09086793439452426,22,577.0
315.0,26,421.0,7.385964912280702,4.201917846406403,17,420.0,0.2123856164519174,9,182.0,0.29591281536963276,26,602.0
320.0,25,329.0,5.771929824561403,4.307157551756387,19,421.0,0.18118194190458456,6,177.0,0.4777000155237144,25,598.0
325.0,28,359.0,6.084745762711864,5.246888120992173,20,398.0,0.1647412078143423,8,158.0,0.5330181249835532,28,556.0
330.0,30,408.0,6.476190476190476,4.458474566295676,22,444.0,0.15204081829262228,8,168.0,0.3866115215681786,30,612.0
335.0,24,383.0,5.892307692307693,4.846848758094372,14,434.0,0.25916215998332,10,163.0,0.177210659581681,24,597.0
340.0,25,430.0,6.935483870967742,5.030289171885241,12,416.0,0.35919129614892875,13,207.0,0.10540864634814734,25,623.0
345.0,19,474.0,8.172413793103448,5.942033530637141,10,373.0,0.30808088920237137,9,226.0,0.2730616102097525,19,599.0
350.0,20,507.0,9.053571428571429,5.037972606479268,13,405.0,0.18128743957555218,7,231.0,0.2884127853214068,20,636.0
355.0,28,484.0,8.491228070175438,4.863964879024681,18,381.0,0.2284278809602796,10,263.0,0.3452640648104064,28,644.0
360.0,25,294.0,5.345454545454546,4.952936933544365,18,335.0,0.2580097741254584,7,192.0,0.46464198432637066,25,527.0
365.0,25,353.0,5.983050847457627,5.438052772225511,16,365.0,0.295592658691452,9,149.0,0.4862478348533097,25,514.0
370.0,18,317.0,5.19672131147541,5.568398415308601,10,346.0,0.32517467763754954,8,160.0,0.38877019427629506,18,506.0
375.0,20,233.0,3.5846153846153848,5.740181522111211,12,290.0,0.27002400062983783,8,153.0,0.44390547781354533,20,443.0
380.0,25,199.0,2.970149253731343,5.53968182667278,18,292.0,0.2624780945275353,7,108.0,0.34574200741805106,25,400.0
385.0,26,256.0,3.878787878787879,5.885174533837869,20,365.0,0.22338324132941859,6,77.0,0.49745222912009107,26,442.0
390.0,30,341.0,5.014705882352941,5.438229142693537,22,431.0,0.22524700189003802,8,84.0,0.408636028932308,30,515.0
395.0,29,415.0,6.1940298507462686,5.569176918945306,22,490.0,0.23729241994503777,7,101.0,0.4674806948319781,29,591.0
400.0,23,359.0,5.523076923076923,4.894338789562288,16,482.0,0.20919138124794584,7,109.0,0.4207352110643341,23,591.0
405.0,21,309.0,4.983870967741935,4.940329594380588,15,437.0,0.20167980536128038,6,108.0,0.40523898054411117,21,545.0
410.0,22,219.0,3.4761904761904763,4.634693098684359,15,403.0,0.16426865354094727,7,122.0,0.3103845194313952,22,525.0
415.0,27,252.0,4.131147540983607,4.479973203060298,18,457.0,0.2163838168902936,9,131.0,0.25149882780451993,27,588.0
420.0,32,278.0,4.557377049180328,3.9341046419074384,23,523.0,0.1551309989477064,9,102.0,0.28567655319965174,32,625.0
425.0,36,370.0,5.967741935483871,3.62081354520102,25,563.0,0.1255433000582164,11,129.0,0.35318995422311067,36,692.0
430.0,29,343.0,5.532258064516129,4.337110220881755,18,526.0,0.18740381311783724,11,169.0,0.32791889846393707,29,695.0
435.0,25,395.0,6.26984126984127,4.7062317781990215,12,528.0,0.24411706722248477,13,218.0,0.27372998109168273,25,746.0
440.0,26,353.0,5.603174603174603,4.621359187625159,12,482.0,0.20632536789239916,14,230.0,0.24559203748405062,26,712.0
445.0,20,278.0,4.412698412698413,5.18881700614775,14,439.0,0.1351168981235316,6,189.0,0.3777929530813757,20,628.0
450.0,24,253.0,4.015873015873016,4.918549509002668,17,467.0,0.15630921727711067,7,147.0,0.37797553855070337,24,614.0
455.0,22,282.0,4.622950819672131,5.440295494242458,11,444.0,0.23902045851008155,11,143.0,0.36497387463149367,22,587.0
460.0,22,291.0,5.017241379310345,4.499733844786426,11,430.0,0.25228798990326984,11,155.0,0.24240180948418114,22,585.0
465.0,26,327.0,5.7368421052631575,4.616485557814707,15,433.0,0.16845975122800422,11,141.0,0.32341178891818995,26,574.0
470.0,26,368.0,6.571428571428571,4.005765841051536,17,450.0,0.06663385671456852,9,152.0,0.32660637543718213,26,602.0
475.0,26,456.0,8.142857142857142,5.485214382691508,16,429.0,0.1883254280488946,10,189.0,0.3889429690116933,26,618.0
480.0,25,472.0,8.137931034482758,4.334881569240847,14,441.0,0.25157359041121446,11,213.0,0.3020267016946559,25,654.0
485.0,25,459.0,7.913793103448276,5.2126111844054535,8,374.0,0.3517901222324064,17,254.0,0.2886951473984691,25,628.0
490.0,20,311.0,5.362068965517241,5.28754907468405,4,218.0,0.4538134973336009,16,294.0,0.21970418265780842,20,512.0
495.0,20,335.0,5.491803278688525,5.79127978475104,9,171.0,0.3448706715058047,11,307.0,0.32763563063366397,20,478.0
500.0,20,224.0,3.7966101694915255,4.5729649742039795,11,180.0,0.2383381380899138,9,243.0,0.2669328269132924,20,423.0
505.0,14,140.0,2.3333333333333335,6.057791624567707,5,161.0,0.398780728593839,9,144.0,0.23944871887683558,14,305.0
510.0,16,205.0,3.360655737704918,5.85118351116841,6,179.0,0.37565145026698493,10,137.0,0.2365099883282924,16,316.0
515.0,23,262.0,4.09375,6.481705601789128,13,228.0,0.4420614385549338,10,153.0,0.3577242262504548,23,381.0
520.0,19,291.0,4.619047619047619,6.524442201095643,12,265.0,0.3400874471869879,7,141.0,0.48154668264341166,19,406.0
525.0,18,322.0,5.551724137931035,5.689739404680406,10,268.0,0.30100734106688065,8,142.0,0.3537764627809404,18,410.0
530.0,18,290.0,5.0,5.654472579307278,9,214.0,0.3471853354347243,9,158.0,0.18001909585645717,18,372.0
535.0,24,261.0,4.745454545454545,5.102429381385149,11,216.0,0.3044394082335404,13,150.0,0.18725491429769148,24,366.0
540.0,24,280.0,5.384615384615385,4.574386252312848,12,191.0,0.19862640022336855,12,192.0,0.31118979012072706,24,383.0
545.0,23,306.0,6.0,4.274759342640427,15,225.0,0.18716869303520398,8,203.0,0.3486835843381543,23,428.0
550.0,22,361.0,6.9423076923076925,5.3783586050264285,16,276.0,0.16419354224628058,6,180.0,0.5425789785776893,22,456.0
555.0,26,458.0,8.980392156862745,5.257393006197226,19,322.0,0.11384886455856191,7,197.0,0.5030861811955406,26,519.0
560.0,21,333.0,6.166666666666667,5.0622714674493885,16,351.0,0.1327283146997666,5,109.0,0.436833017266706,21,460.0
565.0,20,297.0,5.4,6.0667091096748935,10,314.0,0.25429651471049186,10,116.0,0.408375818340348,20,430.0
570.0,18,323.0,5.981481481481482,5.873129591000496,9,299.0,0.2523040027034606,9,149.0,0.42929303824646525,18,448.0
575.0,18,376.0,6.714285714285714,6.588258371070382,10,301.0,0.24386680245391787,8,163.0,0.4651990980035453,18,464.0
580.0,15,164.0,2.9285714285714284,6.77441617495578,9,260.0,0.34634746286507934,6,112.0,0.43484298522205395,15,372.0
585.0,20,233.0,4.39622641509434,7.153144568945292,10,229.0,0.44609308280496124,10,93.0,0.40789054729802565,20,322.0
590.0,17,204.0,4.163265306122449,5.74488010526965,7,210.0,0.3360354169774759,10,94.0,0.3868117151177413,17,304.0
595.0,19,236.0,4.37037037037037,6.328983838205289,10,187.0,0.3768367253005488,9,115.0,0.38918821677467574,19,302.0
600.0,16,166.0,3.018181818181818,5.935095615277677,9,171.0,0.3635002313816794,7,123.0,0.4190938306252967,16,294.0
605.0,22,199.0,3.491228070175439,6.4932321769913015,11,160.0,0.403610397096598,11,121.0,0.41268339276506616,22,281.0
610.0,18,172.0,2.9152542372881354,5.165633617735823,9,154.0,0.2756773607543241,9,135.0,0.4243171480975983,18,289.0
615.0,17,189.0,3.0483870967741935,5.832240785074778,10,159.0,0.3256989929464416,7,101.0,0.3182684487353295,17,260.0
620.0,19,176.0,2.838709677419355,5.850852405115272,10,174.0,0.16510134327890336,9,113.0,0.40022188189456426,19,287.0
625.0,23,262.0,4.158730158730159,5.627849558633976,12,177.0,0.1969811468072783,11,153.0,0.3529979424656712,23,330.0
630.0,23,316.0,5.448275862068965,5.032219921891984,11,216.0,0.2942035440007999,12,176.0,0.312280639177092,23,392.0
635.0,18,346.0,6.407407407407407,5.893235207225404,8,214.0,0.3504071436885043,10,193.0,0.33109388293941694,18,407.0
640.0,19,370.0,6.607142857142857,4.859433462399589,6,230.0,0.2312705857960339,13,225.0,0.23637967708052804,19,455.0
645.0,29,481.0,8.293103448275861,5.234965782952635,12,271.0,0.19979403676709465,17,268.0,0.31481407333308203,29,539.0
650.0,24,556.0,9.423728813559322,4.661628735598224,10,303.0,0.3447378439741259,14,319.0,0.24554552381441638,24,622.0
655.0,25,635.0,11.339285714285714,5.596778779881846,7,306.0,0.5253190532010339,18,357.0,0.19195178810589308,25,663.0
660.0,22,421.0,7.517857142857143,5.27709458830391,6,215.0,0.35565446365540193,16,340.0,0.21560938358726506,22,555.0
665.0,22,400.0,7.017543859649122,5.627583444209525,7,181.0,0.2941593948680328,15,311.0,0.23418617558360058,22,492.0
670.0,22,365.0,6.636363636363637,5.361572058253711,9,206.0,0.3740501091718494,13,310.0,0.2597516588426229,22,516.0
675.0,13,240.0,4.444444444444445,6.4844652435443715,6,213.0,0.48265965941811784,7,255.0,0.3159696256770641,13,468.0
680.0,15,164.0,2.981818181818182,7.117446144026705,7,165.0,0.44371031690918494,8,202.0,0.3958474306664845,15,367.0
685.0,19,215.0,3.8392857142857144,6.232369802075332,11,140.0,0.45236124781785214,8,190.0,0.23989128699151469,19,330.0
690.0,20,285.0,5.181818181818182,5.547489156915807,9,170.0,0.43819579642802037,11,232.0,0.30360397977088055,20,402.0
695.0,19,347.0,6.196428571428571,5.076772130404876,10,184.0,0.29558424945230605,9,248.0,0.36471037499907655,19,432.0
700.0,21,366.0,6.421052631578948,5.202280969266396,9,174.0,0.30502576662163117,12,290.0,0.323164505291486,21,464.0
705.0,27,382.0,6.366666666666666,5.136344169170621,15,185.0,0.2766230032715722,12,266.0,0.3492575990022497,27,451.0
710.0,30,450.0,7.5,4.3798990908508655,16,245.0,0.2642933744055064,14,245.0,0.23842716458349691,30,490.0
715.0,21,495.0,7.983870967741935,5.0344558840609706,10,272.0,0.3722808151197526,11,297.0,0.19362388848573264,21,569.0
720.0,19,431.0,7.183333333333334,5.085768508870742,6,202.0,0.39850628387463444,13,349.0,0.14723586892298082,19,551.0
725.0,26,401.0,6.573770491803279,4.934548849069918,14,211.0,0.29636681089500816,12,339.0,0.24402822796213758,26,550.0
730.0,25,346.0,5.766666666666667,4.101532640670676,19,268.0,0.16538852607627827,6,258.0,0.29341416691758015,25,526.0
735.0,21,402.0,6.7,5.5232992833789245,15,304.0,0.202578034096197,6,212.0,0.45959668330447795,21,516.0
740.0,16,300.0,4.615384615384615,5.575396787098285,11,309.0,0.2267300629103449,5,191.0,0.4067830482088781,16,500.0
745.0,25,318.0,4.818181818181818,5.27179970346426,17,329.0,0.2107623929446305,8,134.0,0.39297919358799416,25,463.0
750.0,27,276.0,4.380952380952381,5.1683416655110745,20,328.0,0.22629568985838097,7,138.0,0.45861976628890877,27,466.0
755.0,26,327.0,5.45,4.957893967386269,18,339.0,0.20540517976078712,8,154.0,0.38774368340252857,26,493.0
760.0,28,291.0,4.932203389830509,3.835805520014589,19,379.0,0.09846670742428162,9,146.0,0.34202724815837066,28,525.0
765.0,22,208.0,3.466666666666667,4.963940826057835,12,331.0,0.19144418777233746,10,127.0,0.29617503950260976,22,458.0
770.0,22,265.0,4.568965517241379,4.80195630494135,12,342.0,0.2043815404730709,10,150.0,0.17657230380529076,22,492.0
775.0,25,348.0,5.8,5.112936992659399,14,377.0,0.1932686489798843,11,170.0,0.19989154367020334,25,547.0
780.0,23,353.0,6.192982456140351,4.917056612428822,16,398.0,0.19078207650957196,7,155.0,0.3490240118909298,23,553.0
785.0,20,428.0,7.133333333333334,6.547221710104433,12,367.0,0.3190194799238624,8,161.0,0.5525819202312185,20,528.0
790.0,18,285.0,4.830508474576271,6.352719848496037,13,355.0,0.33006065186463124,5,118.0,0.5339957644944013,18,473.0
795.0,19,320.0,5.423728813559322,6.1543353138173975,12,300.0,0.40424364737591034,7,109.0,0.3737066691829917,19,409.0
800.0,26,332.0,5.627118644067797,4.939612792657934,11,296.0,0.28449507335192686,15,163.0,0.2667560941002244,26,459.0
805.0,24,305.0,4.919354838709677,5.028792054326702,16,271.0,0.31165719379806867,8,170.0,0.3064535928983117,24,441.0
810.0,25,320.0,4.848484848484849,5.142816837907755,16,291.0,0.25968548724848317,9,166.0,0.3828499902767548,25,457.0
815.0,26,325.0,5.078125,5.755431621982591,18,317.0,0.22750650448573634,8,119.0,0.4646591827050297,26,436.0
820.0,25,302.0,4.4411764705882355,5.2896446255687675,16,327.0,0.18465000159130676,9,120.0,0.36836360184051636,25,447.0
825.0,23,253.0,3.8333333333333335,4.907743949092738,11,277.0,0.21325544803410254,12,157.0,0.2120336295096503,23,434.0
830.0,19,243.0,3.796875,5.253549800017455,9,254.0,0.20793251155599213,10,183.0,0.20620435208871843,19,437.0
835.0,20,235.0,3.9166666666666665,5.7303584818403746,11,253.0,0.17887387316278408,9,178.0,0.3224074949454771,20,431.0
840.0,30,292.0,4.9491525423728815,5.479746334495646,14,252.0,0.23377586447235815,16,195.0,0.33060694901293397,30,447.0
845.0,23,279.0,4.810344827586207,5.083964116467185,12,260.0,0.2777932986929729,11,194.0,0.36845561014069295,23,454.0
850.0,25,320.0,5.423728813559322,5.349750280376598,10,245.0,0.3531976217672593,15,225.0,0.35207698088789513,25,470.0
855.0,18,274.0,4.419354838709677,5.0956301001223165,5,166.0,0.35654202024250004,13,257.0,0.25535166807949167,18,423.0
860.0,14,276.0,4.6,5.388616248180287,3,145.0,0.44329529677906504,11,265.0,0.16908386854154597,14,410.0
865.0,18,213.0,3.8035714285714284,5.1339616333525395,9,180.0,0.30081920362776954,9,224.0,0.22958791049158286,18,404.0
870.0,18,206.0,3.5517241379310347,4.572818222411459,10,189.0,0.2441257423803976,8,145.0,0.1656672505853783,18,334.0
875.0,18,231.0,4.277777777777778,5.459424620893224,6,178.0,0.326865548338042,12,175.0,0.2134185511287762,18,353.0
880.0,14,269.0,4.890909090909091,6.952823941432498,6,182.0,0.3656303578201814,8,171.0,0.3682946717130314,14,353.0
885.0,14,274.0,5.074074074074074,7.0360564582184955,8,194.0,0.2794136472153979,6,176.0,0.4048769417101509,14,370.0
890.0,21,348.0,6.6923076923076925,5.974034075625809,12,246.0,0.20919632076232528,9,183.0,0.3696292696182471,21,429.0
895.0,21,392.0,8.166666666666666,4.5952820054615975,10,278.0,0.27171907428680075,11,205.0,0.24485457764846533,21,483.0
900.0,18,438.0,9.521739130434783,5.478255463312822,8,279.0,0.36414550970573956,10,227.0,0.2396022293999664,18,506.0
905.0,17,283.0,5.549019607843137,5.849702214727394,9,224.0,0.27004299550058086,8,157.0,0.3406623009848657,17,381.0
910.0,17,304.0,5.527272727272727,7.329604347755398,9,223.0,0.27043271384421497,8,151.0,0.5127093344738998,17,374.0
915.0,14,125.0,2.5510204081632653,6.144905958130279,9,111.0,0.2532131739664863,5,85.0,0.5042601678609627,14,196.0
920.0,18,203.0,4.06,6.26346640923589,10,152.0,0.3774950725817773,8,104.0,0.3614537508831933,18,256.0
925.0,19,158.0,3.3617021276595747,5.280242489574944,8,145.0,0.3379819722342065,11,103.0,0.331248733173434,19,248.0
930.0,17,174.0,3.625,5.61782710458505,7,117.0,0.3793408751374365,10,130.0,0.2529009053567389,17,247.0
935.0,17,154.0,3.2083333333333335,5.3327516336175735,9,125.0,0.35753823999683104,8,140.0,0.205787341111629,17,265.0
940.0,17,180.0,3.75,6.121136870505517,10,100.0,0.333104216915045,7,118.0,0.30847478084163965,17,218.0
945.0,18,162.0,3.24,5.55398680457212,11,137.0,0.2183909742635222,7,117.0,0.39174625957595,18,254.0
950.0,20,198.0,3.8823529411764706,6.101988258096026,11,157.0,0.28488881822012935,9,115.0,0.44126603677658627,20,272.0
955.0,15,184.0,3.607843137254902,6.061922559332208,8,153.0,0.311909158506949,7,119.0,0.43650518146955647,15,272.0
960.0,13,175.0,3.5,6.750588334160323,7,123.0,0.37683281185706696,6,112.0,0.3090476585888697,13,235.0
965.0,12,105.0,2.3333333333333335,6.7031991090016225,5,118.0,0.31905707546524936,7,107.0,0.19076713213628985,12,225.0
970.0,17,152.0,3.3043478260869565,6.315122108400169,8,135.0,0.2970357419246911,9,94.0,0.20762892580716993,17,229.0
975.0,18,182.0,4.232558139534884,4.9710464565235535,10,149.0,0.2854283932009826,8,124.0,0.3488516604208796,18,273.0
980.0,15,213.0,5.071428571428571,6.4467951440948355,8,138.0,0.38328617056282055,7,138.0,0.45747278324101387,15,276.0
985.0,11,134.0,2.977777777777778,6.011459236623571,7,128.0,0.36193665223235083,4,101.0,0.4466375631665569,11,229.0
990.0,13,155.0,3.1,7.346536056257203,4,81.0,0.4505424857509152,9,119.0,0.4355111539817299,13,200.0
995.0,13,196.0,3.843137254901961,7.803927182847291,6,94.0,0.587577878431525,7,141.0,0.3747871359609162,13,235.0
1000.0,14,233.0,4.568627450980392,7.423706905639736,7,102.0,0.45262753777495335,7,149.0,0.33327561351350776,14,251.0
1005.0,16,216.0,4.32,6.481722340223268,9,140.0,0.3522433365242622,7,140.0,0.30354704783960473,16,280.0
1010.0,18,211.0,4.395833333333333,6.707451043329894,10,127.0,0.39121871329990004,8,125.0,0.4176431142451893,18,252.0
1015.0,17,257.0,5.468085106382978,6.5741572093667635,10,157.0,0.4577780318410497,7,134.0,0.3591490783042742,17,291.0
1020.0,18,289.0,6.020833333333333,6.45020315966639,8,176.0,0.48994462381301146,10,170.0,0.3514817892565526,18,346.0
1025.0,16,276.0,5.75,6.612580644805132,6,152.0,0.43673802077692797,10,188.0,0.3339485867628158,16,340.0
1030.0,11,171.0,3.6382978723404253,6.4834700890857695,6,78.0,0.2867270704632867,5,175.0,0.41921546876774873,11,253.0
1035.0,20,247.0,4.8431372549019605,5.973001885191661,12,82.0,0.15346418699974174,8,191.0,0.25072281579031297,20,273.0
1040.0,17,177.0,3.54,6.712542697278801,10,125.0,0.23206520506578135,7,124.0,0.4011990933750896,17,249.0
1045.0,17,255.0,5.543478260869565,6.693038082919944,9,164.0,0.3043596436946686,8,114.0,0.36588811492889284,17,278.0
1050.0,11,213.0,4.953488372093023,6.568340759151462,5,158.0,0.46592261712876765,6,127.0,0.39269934646881943,11,285.0
1055.0,14,239.0,5.311111111111111,7.353912969424618,5,104.0,0.5658156461224478,9,149.0,0.3028663028893032,14,253.0
1060.0,11,83.0,1.6938775510204083,7.087627085020617,4,63.0,0.6295230285923921,7,125.0,0.2034845412975453,11,188.0
1065.0,11,118.0,2.3137254901960786,7.746934000959425,3,40.0,0.5268017862570207,8,98.0,0.4025265107059974,11,138.0
1070.0,13,84.0,1.7142857142857142,6.563544514147247,7,49.0,0.2844532196989864,6,85.0,0.5019169269781832,13,134.0
1075.0,15,134.0,2.627450980392157,7.289464229496554,11,83.0,0.18475124724128722,4,60.0,0.6275068436315518,15,143.0
1080.0,16,137.0,2.8541666666666665,5.8834691725298605,12,107.0,0.10203319201194168,4,59.0,0.4936734619347427,16,166.0
1085.0,15,158.0,3.16,7.067575430189642,5,101.0,0.39558155234273723,10,101.0,0.367050412781165,15,202.0
1090.0,12,107.0,2.4318181818181817,5.422128732628165,4,104.0,0.39030474992214376,8,84.0,0.23722586665492676,12,188.0
1095.0,21,156.0,3.5454545454545454,5.149642319916722,7,101.0,0.3815093239187201,14,119.0,0.15161456827879916,21,220.0
1100.0,18,156.0,3.466666666666667,4.479326997978103,7,105.0,0.27514934172198025,11,140.0,0.2417947769440357,18,245.0
1105.0,13,169.0,3.840909090909091,7.079783945851433,5,77.0,0.4410650325575588,8,132.0,0.39125796728351775,13,209.0
1110.0,10,134.0,3.1904761904761907,7.431860712650157,4,70.0,0.40840597478335816,6,109.0,0.40990115980832104,10,179.0
1115.0,14,152.0,3.3777777777777778,7.261344261367723,8,90.0,0.46590693754714185,6,97.0,0.31257383544589573,14,187.0
1120.0,15,110.0,2.558139534883721,6.034231610461651,8,90.0,0.43378325519167155,7,89.0,0.29845510587491775,15,179.0
1125.0,17,170.0,4.25,5.956527419407565,10,120.0,0.4389395808920127,7,93.0,0.3630567449635299,17,213.0
1130.0,14,169.0,3.9302325581395348,5.444104617007826,10,157.0,0.39239898992821115,4,80.0,0.34374800112156095,14,237.0
1135.0,16,220.0,4.888888888888889,6.369394817232007,13,199.0,0.27707882033072406,3,64.0,0.5859906616475941,16,263.0
1140.0,16,194.0,4.409090909090909,6.179921200341164,13,204.0,0.20517142577779185,3,69.0,0.620826608378003,16,273.0
1145.0,10,164.0,3.5652173913043477,7.023646560464625,5,157.0,0.21662811480251673,5,88.0,0.5522373724465128,10,245.0
1150.0,11,78.0,1.5918367346938775,6.472430642055797,7,124.0,0.2802201651070532,4,67.0,0.41861947432349284,11,191.0
1155.0,19,121.0,2.240740740740741,7.005015900079495,14,164.0,0.28310015700944274,5,38.0,0.5729981942719529,19,202.0
1160.0,16,156.0,3.183673469387755,6.844389676103533,10,184.0,0.38166138918497516,6,47.0,0.5860248928957557,16,231.0
1165.0,12,185.0,3.5576923076923075,7.019558920668473,5,155.0,0.40903433166100167,7,81.0,0.5498285641118724,12,236.0
1170.0,11,105.0,1.9444444444444444,6.520450175437332,4,94.0,0.5064028218158692,7,85.0,0.30270374411230544,11,179.0
1175.0,17,144.0,2.88,6.5818868093137715,9,91.0,0.33615559599085976,8,83.0,0.38555859036767753,17,174.0
1180.0,16,134.0,2.7346938775510203,4.6293013090633215,9,80.0,0.1364689065043304,7,100.0,0.28572330239188704,16,180.0
1185.0,21,224.0,4.977777777777778,5.922636354677916,15,138.0,0.19723364800147025,6,118.0,0.49396402354448826,21,256.0
1190.0,18,203.0,4.613636363636363,5.066252281670504,11,171.0,0.26173477846859045,7,117.0,0.33649543009641203,18,288.0
1195.0,11,156.0,3.466666666666667,6.379368260337243,4,140.0,0.38442713156602554,7,111.0,0.3495396464364103,11,251.0
1200.0,13,95.0,2.021276595744681,6.137033231355705,3,102.0,0.4742055086980571,10,117.0,0.24867654793619443,13,219.0
1205.0,14,126.0,2.6808510638297873,6.863626471603447,8,94.0,0.3501118013329332,6,124.0,0.3864522302071349,14,218.0
1210.0,16,173.0,3.6041666666666665,5.983445665389115,9,101.0,0.19252521047727233,7,155.0,0.35793479176399173,16,256.0
1215.0,10,92.0,1.8775510204081634,6.772669768503536,3,66.0,0.2729440897323027,7,109.0,0.40839024163693183,10,175.0
1220.0,13,135.0,2.872340425531915,6.774582530983554,5,83.0,0.36342694998761493,8,132.0,0.42596220623081743,13,215.0
1225.0,15,118.0,2.6222222222222222,6.739033811801132,9,106.0,0.49396113476252157,6,123.0,0.36490066355793616,15,229.0
1230.0,14,152.0,3.3777777777777778,6.394069908170845,7,109.0,0.4420787035031616,7,118.0,0.35436521791510867,14,227.0
1235.0,12,118.0,2.6818181818181817,6.422680513919612,5,74.0,0.34549060547754995,7,109.0,0.39570285361776886,12,183.0
1240.0,12,132.0,2.8085106382978724,5.853379698835411,5,89.0,0.34896104815479795,7,89.0,0.24748731477882796,12,178.0
1245.0,17,144.0,3.0,5.94763894121347,11,118.0,0.28887760741023993,6,81.0,0.39185198566025037,17,199.0
1250.0,17,193.0,4.1063829787234045,6.015845393820313,11,140.0,0.2134992384745157,6,86.0,0.4987129381278047,17,226.0
1255.0,10,163.0,3.5434782608695654,6.548941957118124,6,136.0,0.19206653634971252,4,84.0,0.6034836796933016,10,220.0
1260.0,11,132.0,2.869565217391304,7.367363533298506,6,96.0,0.3194304915531215,5,89.0,0.5288268296073715,11,185.0
1265.0,19,188.0,4.177777777777778,5.827255565984183,12,137.0,0.3325123242370652,7,106.0,0.2544167565703532,19,243.0
1270.0,19,251.0,5.229166666666667,5.912548012624858,10,166.0,0.4032238412571511,9,141.0,0.33914841948369395,19,307.0
1275.0,16,300.0,5.882352941176471,6.541632052064716,7,140.0,0.44177759342375295,9,186.0,0.41733547737977644,16,326.0
1280.0,18,317.0,6.096153846153846,6.548659873954838,6,110.0,0.4809650850831879,12,237.0,0.3667400901044179,18,347.0
1285.0,20,336.0,6.339622641509434,5.382796858901701,11,130.0,0.27788812922348255,9,248.0,0.3277087280095942,20,378.0
1290.0,27,326.0,6.037037037037037,4.597020543924731,16,122.0,0.11017580091275879,11,246.0,0.341763014937649,27,368.0
1295.0,24,276.0,5.0181818181818185,5.318596941202032,15,151.0,0.15056196129027188,9,221.0,0.39007756088609563,24,372.0
1300.0,22,311.0,5.553571428571429,6.293813060956404,13,184.0,0.31724130335761797,9,182.0,0.3998735608625443,22,366.0
1305.0,14,149.0,2.5689655172413794,6.8406955830197935,6,156.0,0.4716573042369848,8,151.0,0.3083305310457457,14,307.0
1310.0,18,194.0,3.5272727272727273,5.995950040464455,9,182.0,0.3747725105568145,9,127.0,0.2914586433700437,18,309.0
1315.0,21,214.0,3.8214285714285716,5.904570104694586,12,197.0,0.2709610664923825,9,137.0,0.3413016893235117,21,334.0
1320.0,20,260.0,4.7272727272727275,5.892135728533504,14,210.0,0.22459649141962099,6,128.0,0.45338763981339175,20,338.0
1325.0,16,276.0,4.677966101694915,6.352321834823657,10,191.0,0.2623890652528705,6,121.0,0.40740924827359126,16,312.0
1330.0,21,318.0,5.482758620689655,6.459251591522525,11,212.0,0.2885997186269875,10,154.0,0.3169785252458163,21,366.0
1335.0,21,358.0,6.392857142857143,5.754997377466432,12,238.0,0.3279924064979455,9,185.0,0.2694870263802849,21,423.0
1340.0,18,287.0,5.627450980392157,5.022253770053113,9,199.0,0.2687322476728339,9,203.0,0.2815393592958781,18,402.0
1345.0,24,343.0,6.471698113207547,5.07249748829204,16,205.0,0.17718746364684676,8,204.0,0.4063943247591577,24,409.0
1350.0,21,379.0,6.649122807017544,5.948034238646074,13,239.0,0.2489296742255271,8,226.0,0.47603776704414785,21,465.0
1355.0,15,214.0,3.8214285714285716,6.728095420616518,10,218.0,0.3616456237013253,5,131.0,0.4734937733987968,15,349.0
1360.0,18,206.0,3.8867924528301887,6.674406215533459,8,184.0,0.4015507938359207,10,107.0,0.31132884250361065,18,291.0
1365.0,19,241.0,4.82,5.49543052455544,10,185.0,0.23010921917133664,9,128.0,0.2298607080731603,19,313.0
1370.0,21,248.0,4.96,5.751520457942568,13,205.0,0.18805488369409237,8,128.0,0.39052020776466084,21,333.0
1375.0,16,222.0,4.530612244897959,6.4772108111357465,10,187.0,0.2705879287980153,6,144.0,0.4822365940573696,16,331.0
1380.0,16,250.0,5.1020408163265305,5.903335363502833,7,199.0,0.31303146439580065,9,165.0,0.49573089668449494,16,364.0
1385.0,19,216.0,4.235294117647059,6.382443162603282,9,187.0,0.41657673766442266,10,168.0,0.41405468695086817,19,355.0
1390.0,19,180.0,3.3962264150943398,5.672516917883161,7,163.0,0.48019296237777453,12,155.0,0.19522832383209993,19,318.0
1395.0,16,195.0,3.6792452830188678,6.033580052435203,6,140.0,0.5091283538235332,10,166.0,0.19093057758029935,16,306.0
1400.0,15,158.0,3.2916666666666665,5.613149205637101,6,125.0,0.46565572698360647,9,133.0,0.22595443982779148,15,258.0
1405.0,16,203.0,4.319148936170213,5.886431356935766,8,102.0,0.3990493827337476,8,171.0,0.27784692321463833,16,273.0
1410.0,13,166.0,3.5319148936170213,5.966497347206875,5,88.0,0.386883733657834,8,192.0,0.34842064225699243,13,280.0
1415.0,14,198.0,4.125,6.040504314673612,7,88.0,0.42928812411070033,7,189.0,0.3531795403061962,14,277.0
1420.0,16,244.0,5.083333333333333,6.092562101809388,7,118.0,0.38497277692645754,9,189.0,0.33977221722165335,16,307.0
1425.0,15,211.0,3.9074074074074074,6.324266675256736,9,143.0,0.34375351058928855,6,154.0,0.3713559531065598,15,297.0
1430.0,20,236.0,4.452830188679245,5.9586231113574435,9,143.0,0.3789187161405024,11,172.0,0.33253875949870343,20,315.0
1435.0,22,320.0,6.153846153846154,6.014532978947837,10,176.0,0.3923235735086733,12,217.0,0.35006124762076496,22,393.0
1440.0,17,348.0,6.96,4.942314035925301,10,203.0,0.21322757178140997,7,233.0,0.33446675173269685,17,436.0
1445.0,18,295.0,5.9,4.293995921397365,11,223.0,0.15926345531736127,7,188.0,0.2617979330060445,18,411.0
1450.0,20,241.0,4.7254901960784315,5.104262227361595,9,167.0,0.27279279655731115,11,193.0,0.37898222977969914,20,360.0
1455.0,19,242.0,4.653846153846154,6.728088014280666,7,118.0,0.42790845136535594,12,234.0,0.39742932944213,19,352.0
1460.0,13,269.0,4.890909090909091,6.90723364450619,5,125.0,0.43393714400332406,8,248.0,0.37557627076373334,13,373.0
1465.0,18,247.0,4.490909090909091,6.468316584693793,9,137.0,0.29638899354859344,9,238.0,0.3696999158247234,18,375.0
1470.0,21,232.0,4.296296296296297,5.509597396160456,10,144.0,0.26217224337677303,11,170.0,0.31293183015196513,21,314.0
1475.0,20,236.0,4.538461538461538,5.6792359045806124,7,149.0,0.43516283619376417,13,170.0,0.2540610203614605,20,319.0
1480.0,23,255.0,4.722222222222222,5.835041944902561,7,111.0,0.4794457786058093,16,220.0,0.1890254993783786,23,331.0
1485.0,20,274.0,4.6440677966101696,6.732061881139728,7,114.0,0.5896608777241356,13,258.0,0.2531740570882683,20,372.0
1490.0,22,288.0,4.9655172413793105,5.990487398799752,10,87.0,0.44369813083893234,12,267.0,0.30502274535928514,22,354.0
1495.0,26,323.0,5.568965517241379,5.025062074193255,16,154.0,0.3355711295808279,10,275.0,0.3029209220231737,26,429.0
1500.0,25,254.0,4.305084745762712,4.53669904150362,18,201.0,0.2028482283463802,7,215.0,0.36204138966338884,25,416.0
1505.0,19,285.0,4.318181818181818,5.7622049716964465,12,224.0,0.21986654043510628,7,188.0,0.3917457224445424,19,412.0
1510.0,13,179.0,2.796875,6.83065133681581,9,199.0,0.3193757751480422,4,103.0,0.4100066689368658,13,302.0
1515.0,22,252.0,4.064516129032258,6.202280864573466,12,203.0,0.2756294701446299,10,126.0,0.2836261543648988,22,329.0
1520.0,23,251.0,4.327586206896552,5.328804962955158,14,221.0,0.2730266832800925,9,138.0,0.315153779818176,23,359.0
1525.0,22,278.0,5.245283018867925,5.3757251625050975,13,213.0,0.21522013482041644,9,147.0,0.37063641912746126,22,360.0
1530.0,16,194.0,3.803921568627451,5.11211040004673,11,227.0,0.20548936715473098,5,112.0,0.38290372003204,16,339.0
1535.0,17,181.0,3.480769230769231,6.477559006356122,9,196.0,0.30662505342947666,8,85.0,0.3252008118958155,17,281.0
1540.0,17,132.0,2.4,5.987384445538683,8,178.0,0.33330286275783905,9,93.0,0.24609482169793348,17,271.0
1545.0,18,207.0,3.6315789473684212,7.030163576446877,11,210.0,0.3408068506949001,7,112.0,0.5079315796928194,18,322.0
1550.0,16,176.0,3.3207547169811322,5.96221790644295,11,213.0,0.35621640680042327,5,111.0,0.4833043310307878,16,324.0
1555.0,17,225.0,4.245283018867925,6.327415926923377,12,220.0,0.36616084316563824,5,89.0,0.48255743962441194,17,309.0
1560.0,19,246.0,4.392857142857143,5.8073321661229516,11,216.0,0.2987887800996717,8,116.0,0.3728344195450526,19,332.0
1565.0,15,157.0,2.8035714285714284,6.047176743505511,8,185.0,0.29086125125441925,7,75.0,0.3332088200289213,15,260.0
1570.0,16,154.0,2.9615384615384617,6.128144750462473,8,151.0,0.3229389641076131,8,100.0,0.3270212510309509,16,251.0
1575.0,19,189.0,3.3157894736842106,6.144106796284789,12,179.0,0.22587958726871052,7,120.0,0.4581121669372999,19,299.0
1580.0,24,266.0,4.836363636363636,5.947835150104791,14,233.0,0.28278222405161,10,152.0,0.4734081046880571,24,385.0
1585.0,23,283.0,5.339622641509434,5.487165312808926,16,267.0,0.29601359270057587,7,163.0,0.492413371541943,23,430.0
1590.0,22,318.0,5.888888888888889,4.661420006566634,14,280.0,0.23327413341325165,8,156.0,0.35920819686720834,22,436.0
1595.0,20,225.0,4.017857142857143,4.980890913325396,11,238.0,0.16692366078312879,9,113.0,0.2913284655432007,20,351.0
1600.0,21,194.0,3.2333333333333334,5.526300454369103,11,237.0,0.24754356979305464,10,105.0,0.15962678747693412,21,342.0
1605.0,22,271.0,4.593220338983051,6.328267982903125,14,243.0,0.3654848367764832,8,135.0,0.2553485591582414,22,378.0
1610.0,22,348.0,5.898305084745763,6.740972592577007,13,261.0,0.36300247713462563,9,167.0,0.42754954737278594,22,428.0
1615.0,14,303.0,5.509090909090909,6.858561198410419,8,249.0,0.33871267997636867,6,135.0,0.4899148833947165,14,384.0
1620.0,19,272.0,4.945454545454545,5.867756862375251,12,249.0,0.21665111878689378,7,112.0,0.3246912841020688,19,361.0
1625.0,24,272.0,5.333333333333333,5.188506571189849,15,241.0,0.1274438443688373,9,100.0,0.350961403529632,24,341.0
1630.0,22,274.0,5.48,4.992698311154701,14,254.0,0.11753121964810913,8,113.0,0.42966841623759633,22,367.0
1635.0,19,238.0,5.0638297872340425,5.393169169467345,12,222.0,0.2922239546078454,7,126.0,0.38137505534309907,19,348.0
1640.0,17,247.0,4.8431372549019605,6.3505358165828545,10,230.0,0.3052406629341168,7,130.0,0.4362250388595728,17,360.0
1645.0,15,267.0,4.767857142857143,6.589435755799427,8,180.0,0.27341579617014167,7,140.0,0.36687015925243793,15,320.0
1650.0,18,271.0,4.927272727272728,7.012532414723098,7,170.0,0.39989798128479903,11,192.0,0.39172187707586786,18,362.0
1655.0,19,238.0,4.175438596491228,6.80775225879309,9,180.0,0.49381801174732354,10,144.0,0.3347692092342137,19,324.0
1660.0,19,250.0,4.464285714285714,6.808764252874021,7,167.0,0.5034617581376412,12,168.0,0.3007886381015107,19,335.0
1665.0,17,239.0,4.345454545454546,6.177540214937316,7,156.0,0.45616283480566966,10,191.0,0.27214354175078975,17,347.0
1670.0,19,208.0,3.6491228070175437,5.740822738829213,12,107.0,0.2937171555129418,7,147.0,0.4012546682125332,19,254.0
1675.0,22,263.0,4.614035087719298,6.304867614055897,15,153.0,0.18538856189973077,7,151.0,0.5028793149982012,22,304.0
1680.0,21,303.0,5.05,5.752024217503703,14,201.0,0.21632667025122782,7,171.0,0.45697350525492875,21,372.0
1685.0,23,340.0,5.862068965517241,6.1031561022739655,13,215.0,0.36877036592735063,10,172.0,0.3719620497731359,23,387.0
1690.0,27,360.0,6.315789473684211,5.037437587873144,11,220.0,0.33294275846252536,16,235.0,0.18805040773298057,27,455.0
1695.0,24,411.0,6.966101694915254,5.448857230865521,11,201.0,0.3781662369389519,13,283.0,0.24117647204810463,24,484.0
1700.0,20,413.0,7.245614035087719,6.074561324173995,10,212.0,0.3067255713145739,10,290.0,0.42227212226802313,20,502.0
1705.0,19,242.0,4.321428571428571,6.018688012561058,10,208.0,0.267756872006848,9,180.0,0.45706653769005023,19,388.0
1710.0,15,186.0,3.206896551724138,4.992239414112034,7,188.0,0.18019195444633015,8,156.0,0.36204603325290713,15,344.0
1715.0,22,221.0,3.7457627118644066,5.313637197668296,11,206.0,0.30902189400845753,11,183.0,0.3267170507961691,22,389.0
1720.0,28,335.0,5.403225806451613,5.9641402280235845,12,236.0,0.41156485878126614,16,233.0,0.3350970896554395,28,469.0
1725.0,26,351.0,5.661290322580645,4.79805907307292,11,244.0,0.32472064524773164,15,250.0,0.30568131629124307,26,494.0
1730.0,32,462.0,7.333333333333333,4.311155396295187,13,287.0,0.2487962005988898,19,303.0,0.3125327320002789,32,590.0
1735.0,39,540.0,8.307692307692308,3.2266943182496335,18,350.0,0.18337390060886297,21,348.0,0.20905445761608954,39,698.0
1740.0,33,433.0,6.27536231884058,3.7538815831286554,17,346.0,0.19431609249561813,16,345.0,0.2172992915890627,33,691.0
1745.0,23,344.0,4.914285714285715,4.900143823542838,10,291.0,0.3280143608107845,13,356.0,0.17291756882134052,23,647.0
1750.0,24,273.0,3.8450704225352115,4.710299984051343,9,242.0,0.3145553473353474,15,337.0,0.12233437230795893,24,579.0
1755.0,32,360.0,4.864864864864865,5.068726422726932,12,225.0,0.3703467252272704,20,382.0,0.15232240308357603,32,607.0
1760.0,25,425.0,6.159420289855072,5.595469388458347,11,226.0,0.3376569631100251,14,376.0,0.3195374260099938,25,602.0
1765.0,23,389.0,5.893939393939394,5.6392264282012095,11,221.0,0.29556493672657114,12,347.0,0.3165430658291485,23,568.0
1770.0,25,379.0,5.8307692307692305,4.898993969362577,11,222.0,0.19131542015360825,14,307.0,0.24610660991902258,25,529.0
1775.0,31,341.0,5.5,4.5653980458335575,13,202.0,0.29172492413128587,18,303.0,0.19045450158706817,31,505.0
1780.0,29,336.0,5.508196721311475,4.862963504589389,10,195.0,0.295062028573275,19,314.0,0.22727923543909742,29,509.0
1785.0,28,399.0,6.435483870967742,4.464232407984118,11,191.0,0.26270752665132396,17,357.0,0.20784317673448852,28,548.0
1790.0,25,351.0,5.661290322580645,4.721135234212479,12,202.0,0.2099102247019915,13,342.0,0.2873211101886418,25,544.0
1795.0,17,341.0,5.779661016949152,5.962404065625485,8,178.0,0.22615669204360245,9,341.0,0.3625602062850318,17,519.0
1800.0,23,327.0,5.45,5.096055539073385,6,159.0,0.24680978916816507,17,358.0,0.1686279483742661,23,517.0
1805.0,31,343.0,5.913793103448276,4.849519964199627,12,175.0,0.27002756001981304,19,350.0,0.21054164218726878,31,525.0
1810.0,25,367.0,6.327586206896552,5.019311184026456,8,204.0,0.39747847244529577,17,338.0,0.19450894162642196,25,542.0
1815.0,24,400.0,7.017543859649122,5.11758135821121,6,197.0,0.5183515595071377,18,357.0,0.12876982738490747,24,554.0
1820.0,14,238.0,4.175438596491228,5.9998752604000565,3,139.0,0.46664419412989977,11,320.0,0.27027564870015186,14,459.0
1825.0,19,212.0,3.593220338983051,5.565711816805837,9,74.0,0.2513905712087606,10,322.0,0.3119123118086837,19,396.0
1830.0,25,235.0,3.9166666666666665,5.4002245735734,9,107.0,0.30002125583562705,16,311.0,0.2893474093199608,25,418.0
1835.0,22,301.0,5.016666666666667,5.800216237562085,8,119.0,0.42043715891195477,14,334.0,0.2777081955692495,22,453.0
1840.0,19,330.0,5.689655172413793,5.197475985526582,7,140.0,0.3423273131538123,12,304.0,0.18436059779259936,19,444.0
1845.0,20,365.0,6.186440677966102,5.850451687766638,9,171.0,0.4073344727819121,11,300.0,0.17615328820000464,20,471.0
1850.0,25,383.0,6.17741935483871,5.682084358406855,10,201.0,0.39209685108982756,15,293.0,0.19414350262644028,25,494.0
1855.0,24,351.0,5.754098360655738,5.664258329122861,11,232.0,0.48121583203901747,13,279.0,0.26020679577162303,24,511.0
1860.0,27,411.0,6.629032258064516,5.552681735122599,10,249.0,0.46657328550645677,17,289.0,0.2890484447801849,27,538.0
1865.0,24,427.0,6.777777777777778,5.3227514097409525,9,229.0,0.37298102111676806,15,326.0,0.2844539321994578,24,555.0
1870.0,22,419.0,6.983333333333333,4.586029951752169,11,266.0,0.1954359471899628,11,309.0,0.23201484686647225,22,575.0
1875.0,28,418.0,6.634920634920635,4.5832751693941995,16,311.0,0.022853880924582817,12,273.0,0.31091264854601763,28,584.0
1880.0,31,353.0,5.983050847457627,4.409173294597135,15,289.0,0.11774570804382724,16,279.0,0.2924688259283669,31,568.0
1885.0,29,361.0,6.224137931034483,4.0889045769540475,12,236.0,0.29046862916203603,17,314.0,0.2445011907102935,29,550.0
1890.0,29,358.0,5.774193548387097,4.560145365851692,10,245.0,0.3429842276548826,19,343.0,0.22692460291288147,29,588.0
1895.0,25,347.0,5.596774193548387,4.931145888078982,7,199.0,0.4213878350424748,18,371.0,0.18572798042736458,25,570.0
1900.0,19,203.0,3.3278688524590163,5.672058008024292,4,120.0,0.4192111146369468,15,350.0,0.22762672779750753,19,470.0
1905.0,18,189.0,3.0483870967741935,6.23932651488535,9,113.0,0.3150981091685335,9,312.0,0.3479780290701342,18,425.0
1910.0,22,228.0,3.9310344827586206,5.700331365505804,9,129.0,0.3634618230478638,13,315.0,0.3200772485818017,22,444.0
1915.0,27,297.0,5.033898305084746,4.717031363119688,9,129.0,0.3963431769730428,18,352.0,0.2476547262038705,27,481.0
1920.0,30,342.0,5.7,4.258776324467941,9,144.0,0.3382213031742268,21,391.0,0.27770108168898483,30,535.0
1925.0,24,362.0,5.484848484848484,5.148322652136284,5,112.0,0.4536983348697753,19,429.0,0.2431062594358013,24,541.0
1930.0,19,269.0,4.203125,5.541438753125777,3,55.0,0.5456623815610933,16,410.0,0.1555035659871728,19,465.0
1935.0,21,223.0,3.4307692307692306,5.413237750350785,5,44.0,0.3020261780209318,16,402.0,0.23252357061756845,21,446.0
1940.0,26,235.0,3.6153846153846154,5.218584852058868,8,70.0,0.19096806457924775,18,349.0,0.2632573996550203,26,419.0
1945.0,24,234.0,3.65625,5.323050229532631,4,76.0,0.4607880417945974,20,387.0,0.17572285134667584,24,463.0
1950.0,24,284.0,4.580645161290323,5.844417754117091,3,57.0,0.521706176935281,21,435.0,0.2356194488760353,24,492.0
1955.0,29,345.0,5.476190476190476,5.576623424940314,8,76.0,0.49110184900247905,21,484.0,0.2274099463555642,29,560.0
1960.0,27,383.0,6.17741935483871,4.300086673155453,7,97.0,0.3520122247940138,20,511.0,0.18484756672037894,27,608.0
1965.0,25,359.0,5.609375,4.076232105317426,5,78.0,0.3611936515344952,20,515.0,0.10223796237695504,25,593.0
1970.0,21,227.0,3.721311475409836,4.9397560214193605,6,85.0,0.3959367496972469,15,438.0,0.10071645408057817,21,523.0
1975.0,22,236.0,3.746031746031746,4.770435175656987,10,106.0,0.2484837897562709,12,462.0,0.1907628602212791,22,568.0
1980.0,26,301.0,4.934426229508197,4.647449895100316,10,137.0,0.2899412785278958,16,498.0,0.24070280881045228,26,635.0
1985.0,23,352.0,5.966101694915254,5.484306158041124,6,137.0,0.46002027570926435,17,508.0,0.20780980989874923,23,645.0
1990.0,15,288.0,5.052631578947368,5.091494465698363,6,104.0,0.35468059468242197,9,428.0,0.18132578292746196,15,532.0
1995.0,22,247.0,4.258620689655173,5.408959282232385,12,104.0,0.17318984546141636,10,354.0,0.2750134591929298,22,458.0
2000.0,24,260.0,4.406779661016949,5.58470046320991,12,142.0,0.2842119636407844,12,313.0,0.30251246642249946,24,455.0
2005.0,18,280.0,5.0,6.072308998352012,5,125.0,0.47537206662655745,13,329.0,0.2699838712800825,18,454.0
2010.0,11,241.0,4.155172413793103,6.795373620133677,3,96.0,0.4703599960038335,8,319.0,0.3544603126324662,11,415.0
2015.0,19,204.0,3.642857142857143,6.193075776659776,11,97.0,0.3275325496120216,8,274.0,0.38655765100564443,19,371.0
2020.0,21,203.0,3.9038461538461537,5.014527892234261,11,127.0,0.22792277718337234,10,206.0,0.36215614919498906,21,333.0
2025.0,16,221.0,4.092592592592593,5.244726673783958,6,118.0,0.3113613536794318,10,247.0,0.2687329867098803,16,365.0
2030.0,18,263.0,4.87037037037037,5.433263077066939,8,141.0,0.28025162558819067,10,274.0,0.262560085037348,18,415.0
2035.0,20,243.0,4.2631578947368425,5.833393104817156,10,160.0,0.30447898183407535,10,241.0,0.2691902481043752,20,401.0
2040.0,20,301.0,5.280701754385965,5.948943047296436,10,176.0,0.2104310870824571,10,244.0,0.4372811136203017,20,420.0
2045.0,16,192.0,3.9183673469387754,5.396636370785026,8,164.0,0.2702903738377994,8,170.0,0.3794158392748365,16,334.0
2050.0,18,189.0,3.7058823529411766,5.403896223127638,7,134.0,0.3591636975572243,11,158.0,0.27488589735471114,18,292.0
2055.0,22,222.0,4.269230769230769,5.353942568800429,13,180.0,0.393431153140204,9,172.0,0.26463489338544666,22,352.0
2060.0,18,243.0,4.959183673469388,5.950490948649633,10,203.0,0.37481781133396913,8,158.0,0.4130491507148375,18,361.0
2065.0,15,254.0,5.08,5.083590223550923,8,193.0,0.23607303235498397,7,171.0,0.27874614360318817,15,364.0
2070.0,18,226.0,4.264150943396227,5.413506836746032,8,171.0,0.27741007383957195,10,175.0,0.17383581183308225,18,346.0
2075.0,24,270.0,5.294117647058823,5.362494128498739,15,171.0,0.2942424201965735,9,184.0,0.1735951837615284,24,355.0
2080.0,16,287.0,5.857142857142857,5.922805617842398,11,214.0,0.26924742486288733,5,164.0,0.3607040890644882,16,378.0
2085.0,13,322.0,6.851063829787234,6.793544865816575,7,217.0,0.26570168950486067,6,167.0,0.46100312614710603,13,384.0
2090.0,15,305.0,6.1,6.630372095238078,9,210.0,0.21599570510545238,6,194.0,0.41889829617758984,15,404.0
2095.0,16,267.0,5.34,7.164280913139738,10,212.0,0.27152636032733796,6,130.0,0.36293172139057656,16,342.0
2100.0,14,177.0,3.933333333333333,7.014634288848972,7,127.0,0.3694780861221286,7,125.0,0.4197753881470568,14,252.0
2105.0,14,183.0,4.159090909090909,6.8032656694099725,9,133.0,0.42628900979837336,5,107.0,0.30705173364525223,14,240.0
2110.0,15,181.0,4.414634146341464,6.409943362322745,6,123.0,0.401800390921371,9,122.0,0.3378220871119143,15,245.0
2115.0,12,131.0,3.1951219512195124,6.664810565990523,4,70.0,0.35300747100825347,8,114.0,0.3640444473398418,12,184.0
2120.0,11,159.0,4.076923076923077,7.053682395712719,5,81.0,0.4276465617296772,6,93.0,0.40529591862043035,11,174.0
2125.0,13,185.0,4.625,7.156465861288609,6,111.0,0.4668097324266745,7,111.0,0.3189478182883653,13,222.0
2130.0,13,190.0,4.523809523809524,6.8435834161689035,5,113.0,0.5553555156716119,8,110.0,0.2786942880995085,13,223.0
2135.0,13,180.0,4.5,6.250179257562226,7,130.0,0.3929295482494146,6,96.0,0.3665195045985216,13,226.0
2140.0,14,194.0,4.619047619047619,6.760385312405811,8,145.0,0.3506914050892856,6,76.0,0.4584432744268104,14,221.0
2145.0,10,209.0,5.097560975609756,6.37536808854792,5,138.0,0.18789782098740193,5,96.0,0.39818847597076473,10,234.0
2150.0,16,280.0,7.0,6.505721281119944,7,164.0,0.32421511170746925,9,124.0,0.2139726942204765,16,288.0
2155.0,14,274.0,6.682926829268292,6.304629535480156,7,174.0,0.3784034945670276,7,133.0,0.2554241168156498,14,307.0
2160.0,12,323.0,8.075,7.40980720435886,5,182.0,0.5476997806196732,7,152.0,0.3554548815337861,12,334.0
2165.0,8,126.0,3.073170731707317,7.710980699555574,3,125.0,0.5212097800478507,5,107.0,0.5264142220755794,8,232.0
2170.0,10,101.0,2.2444444444444445,8.444425649378031,5,54.0,0.512524964015651,5,80.0,0.6008993935556199,10,134.0
2175.0,14,158.0,3.4347826086956523,7.379984647352271,8,68.0,0.4228218921125494,6,102.0,0.5941435436624779,14,170.0
2180.0,17,205.0,4.270833333333333,6.055276673775317,7,86.0,0.3528679474516344,10,145.0,0.47699451041600327,17,231.0
2185.0,21,211.0,4.137254901960785,5.225704261274897,10,114.0,0.3302331403221923,11,132.0,0.3923615266729912,21,246.0
2190.0,22,223.0,4.2075471698113205,4.953991551821326,9,109.0,0.3579918598354758,13,147.0,0.2438118111069479,22,256.0
2195.0,20,219.0,3.981818181818182,5.574189767592602,5,88.0,0.46766002708166593,15,182.0,0.1869966995284337,20,270.0
2200.0,22,233.0,4.087719298245614,5.359220831431256,7,101.0,0.2984548563606304,15,207.0,0.21530332401360378,22,308.0
2205.0,21,269.0,4.981481481481482,5.369766206733702,8,116.0,0.3679992783815291,13,248.0,0.28335029158351327,21,364.0
2210.0,22,293.0,5.528301886792453,5.410191547849122,7,119.0,0.4067136292348574,15,278.0,0.30428925118837247,22,397.0
2215.0,26,300.0,5.769230769230769,4.085263785193112,11,123.0,0.3300157416051406,15,287.0,0.20472949465585594,26,410.0
2220.0,29,387.0,7.166666666666667,4.073418649067405,13,169.0,0.2824779837374773,16,301.0,0.17614319870476108,29,470.0
2225.0,27,405.0,7.788461538461538,4.488088507475485,13,211.0,0.3418154950701818,14,328.0,0.1853467340794617,27,539.0
2230.0,21,304.0,5.527272727272727,4.657429469390687,13,207.0,0.20211346488206208,8,268.0,0.2682046979387563,21,475.0
2235.0,18,242.0,4.101694915254237,5.059823547747474,7,158.0,0.1716680303732519,11,270.0,0.30364688571175824,18,428.0
2240.0,17,181.0,3.0677966101694913,6.375895785059871,6,143.0,0.34854903285758077,11,241.0,0.3632879549388903,17,384.0
2245.0,20,223.0,3.6557377049180326,5.8094978385109535,10,160.0,0.36308111240088164,10,240.0,0.25946549852646894,20,400.0
2250.0,17,249.0,4.220338983050848,6.1703345538138805,7,169.0,0.28727606698312674,10,231.0,0.397739741858791,17,400.0
2255.0,19,318.0,5.482758620689655,6.329560938190131,8,173.0,0.31152508435337667,11,258.0,0.35551936439218823,19,431.0
2260.0,17,251.0,4.482142857142857,6.005498354382378,6,150.0,0.39519387701572894,11,259.0,0.18238238172726498,17,409.0
2265.0,22,326.0,5.927272727272728,6.050934477081793,6,165.0,0.461961821128147,16,279.0,0.18293017953425877,22,444.0
2270.0,24,356.0,6.472727272727273,5.387860903330406,8,178.0,0.4084470573483405,16,323.0,0.25893693553802444,24,501.0
2275.0,22,442.0,8.339622641509434,5.635207072222834,6,191.0,0.4741973249256982,16,382.0,0.30250223445254626,22,573.0
2280.0,21,336.0,5.894736842105263,5.266304518909521,6,85.0,0.4478164531192052,15,422.0,0.308777850041855,21,507.0
2285.0,23,387.0,6.559322033898305,5.589506182520437,11,122.0,0.40221400295465753,12,411.0,0.29804043369749517,23,533.0
2290.0,22,368.0,6.032786885245901,4.304054793605462,10,137.0,0.15268459532569484,12,435.0,0.2756027884594119,22,572.0
2295.0,24,425.0,6.640625,5.396820976147219,8,122.0,0.28924539779466546,16,466.0,0.21911390547387738,24,588.0
2300.0,24,496.0,8.266666666666667,5.125656748289157,8,145.0,0.21523618371750497,16,507.0,0.23750316960600784,24,652.0
2305.0,24,566.0,9.433333333333334,5.931241265391814,12,181.0,0.1869705926667679,12,530.0,0.3690547125622149,24,711.0
2310.0,22,561.0,9.048387096774194,5.790486605449499,10,189.0,0.33480987680642726,12,551.0,0.3378580019820357,22,740.0
2315.0,24,633.0,10.728813559322035,6.715856146039712,9,181.0,0.5583648570870371,15,586.0,0.3437668528178022,24,767.0
2320.0,21,646.0,10.766666666666667,5.495408358563838,5,167.0,0.5789881657336513,16,639.0,0.20506608386268654,21,806.0
2325.0,21,664.0,11.066666666666666,5.670448866458068,6,106.0,0.49733250476266416,15,689.0,0.2183307206627803,21,795.0
2330.0,22,571.0,9.360655737704919,5.052585332637644,8,135.0,0.2891132916727984,14,620.0,0.26611837625651075,22,755.0
2335.0,27,331.0,5.253968253968254,5.059770346798749,14,188.0,0.18904569817353947,13,469.0,0.2589285589629863,27,657.0
2340.0,25,309.0,4.681818181818182,4.979210120563005,13,209.0,0.24479772816827408,12,465.0,0.29327639328878724,25,674.0
2345.0,28,390.0,6.610169491525424,5.489581653975624,12,234.0,0.42130443767460296,16,458.0,0.22591099616572896,28,692.0
2350.0,25,381.0,6.568965517241379,5.066064525526594,8,234.0,0.4141594007331155,17,503.0,0.15371478015902676,25,737.0
2355.0,26,484.0,7.806451612903226,6.148693817652023,10,241.0,0.47854351598926237,16,549.0,0.2039108633497966,26,790.0
2360.0,22,422.0,7.275862068965517,5.70580036700158,9,252.0,0.4563909032951366,13,563.0,0.2286327764362369,22,815.0
2365.0,19,401.0,6.573770491803279,6.06654918399453,8,252.0,0.3971303342098109,11,505.0,0.2683179446387112,19,757.0
2370.0,21,280.0,4.17910447761194,5.810061624917711,11,204.0,0.321743472005558,10,416.0,0.3673607789917429,21,620.0
2375.0,22,212.0,3.0285714285714285,6.889499084540161,13,181.0,0.40979241493816493,9,239.0,0.48624261604050995,22,420.0
2380.0,27,266.0,4.092307692307692,5.534848643248984,14,208.0,0.3351074573217324,13,207.0,0.4223676993411696,27,415.0
2385.0,30,307.0,4.796875,4.147553918886581,16,225.0,0.21874279416478085,14,215.0,0.284560957252631,30,440.0
2390.0,28,344.0,5.375,3.8727663539317003,16,266.0,0.21710508637823198,12,227.0,0.13347569088355932,28,493.0
2395.0,30,450.0,7.258064516129032,4.5450836821347265,16,292.0,0.19072772714760947,14,276.0,0.09814897536104211,30,568.0
2400.0,32,539.0,8.693548387096774,4.567413858968472,18,350.0,0.15511431002539575,14,332.0,0.17868007237195624,32,682.0
2405.0,27,461.0,8.232142857142858,4.438143513108467,16,377.0,0.23514991234215513,11,332.0,0.3213064934867952,27,709.0
2410.0,26,464.0,8.285714285714286,4.568662104823079,17,385.0,0.18410895744771819,9,298.0,0.4699713417838362,26,683.0
2415.0,27,361.0,6.224137931034483,4.520598427577901,18,407.0,0.1622128983791231,9,234.0,0.4613941811255169,27,641.0
2420.0,28,317.0,5.283333333333333,4.849007956455578,19,432.0,0.22205785918587534,9,165.0,0.41153640675376324,28,597.0
2425.0,26,242.0,4.033333333333333,4.525092860305267,13,410.0,0.2835479351550105,13,173.0,0.2232136270949759,26,583.0
2430.0,20,255.0,4.0476190476190474,5.791405351218353,11,406.0,0.2911394121825761,9,166.0,0.2880643832252968,20,572.0
2435.0,19,245.0,3.888888888888889,5.4313115731937005,10,391.0,0.3012363692089914,9,171.0,0.1981946216770405,19,562.0
2440.0,20,241.0,3.707692307692308,5.565896667895489,10,357.0,0.31889507717168175,10,191.0,0.21762315994944428,20,548.0
2445.0,26,287.0,4.484375,4.9637502843156875,13,372.0,0.2957901832548992,13,191.0,0.29736444199409234,26,563.0
2450.0,25,369.0,6.254237288135593,5.686685698755921,12,373.0,0.3465451265626307,13,233.0,0.3459803132987267,25,606.0
2455.0,20,282.0,4.622950819672131,4.8415661490078215,9,322.0,0.2867664679969801,11,249.0,0.23475055998826153,20,571.0
2460.0,20,268.0,4.253968253968254,5.41213379878022,13,325.0,0.17678989245298385,7,220.0,0.3360957806707383,20,545.0
2465.0,21,212.0,3.4754098360655736,5.656847697155698,15,313.0,0.21022772620884037,6,181.0,0.4046998051656659,21,494.0
2470.0,28,332.0,5.442622950819672,5.59576894111422,15,365.0,0.33868192912098194,13,215.0,0.28805996607223777,28,580.0
2475.0,28,360.0,5.806451612903226,4.806121500588976,12,371.0,0.3428897702615295,16,257.0,0.23396188485657474,28,628.0
2480.0,26,408.0,6.8,5.301217645787764,9,330.0,0.40205608698772805,17,323.0,0.24433740428738362,26,653.0
2485.0,25,372.0,6.098360655737705,4.80569777923725,9,342.0,0.2784486697986579,16,328.0,0.224754693693045,25,670.0
2490.0,27,478.0,7.46875,5.404364383504188,12,373.0,0.3153902471149261,15,342.0,0.2620173824175297,27,715.0
2495.0,26,365.0,5.887096774193548,4.921731523180388,12,299.0,0.30446307977003906,14,345.0,0.3186723653984216,26,644.0
2500.0,21,211.0,3.296875,5.424533218255129,13,220.0,0.27094098450819254,8,260.0,0.3749688146432979,21,480.0
2505.0,18,196.0,3.0625,5.8590828007939635,12,227.0,0.2569655991925472,6,194.0,0.34507267529965063,18,421.0
2510.0,15,156.0,2.4761904761904763,6.63246062591795,6,141.0,0.3059897157301218,9,148.0,0.3366176956187981,15,289.0
2515.0,16,226.0,3.7049180327868854,6.944241266054628,5,103.0,0.3732707829447197,11,164.0,0.2523940692440719,16,267.0
2520.0,18,199.0,3.491228070175439,5.8501775631835224,9,99.0,0.29290057886656246,9,159.0,0.118207147147631,18,258.0
2525.0,22,273.0,4.963636363636364,6.032967031403082,10,146.0,0.3743078885562112,12,184.0,0.18315634017678187,22,330.0
2530.0,16,284.0,5.163636363636364,6.224698448948594,8,153.0,0.41950528241947826,8,182.0,0.25472381483756334,16,335.0
2535.0,18,338.0,7.191489361702128,6.761000017553854,9,142.0,0.4493652921124288,9,203.0,0.3159824609749423,18,345.0
2540.0,15,216.0,4.408163265306122,5.617556829008333,7,129.0,0.26863887640157486,8,165.0,0.2832184660643727,15,294.0
2545.0,20,274.0,5.269230769230769,6.287678555706104,10,150.0,0.23018191795536153,10,146.0,0.4154467364411274,20,296.0
2550.0,17,238.0,4.666666666666667,6.319582169599659,9,118.0,0.43887779997575527,8,163.0,0.47061872397550986,17,281.0
2555.0,15,294.0,6.0,7.146907427200539,8,131.0,0.49023497095047985,7,178.0,0.4848965587178508,15,309.0
2560.0,16,215.0,4.215686274509804,6.045088772198286,9,119.0,0.340302598318481,7,146.0,0.42991945093989636,16,265.0
2565.0,20,272.0,4.945454545454545,5.603106817296706,10,131.0,0.3719515931564332,10,152.0,0.2565772556034717,20,283.0
2570.0,21,257.0,4.849056603773585,5.958975384976793,9,128.0,0.45520052191233096,12,191.0,0.29986730711830295,21,319.0
2575.0,16,302.0,5.921568627450981,6.852416025605514,8,108.0,0.4094323093194031,8,217.0,0.4231266038614643,16,325.0
2580.0,16,199.0,4.061224489795919,4.909427665557141,9,121.0,0.20792217589810133,7,133.0,0.2965657983186036,16,254.0
2585.0,20,276.0,5.111111111111111,5.542642130386412,11,149.0,0.3039727580776497,9,166.0,0.24232738088525688,20,315.0
2590.0,19,190.0,3.5185185185185186,5.995845121896017,9,139.0,0.4105691599752923,10,153.0,0.31903259606497536,19,292.0
2595.0,16,220.0,4.0,7.636550280601847,9,144.0,0.5093208390843165,7,136.0,0.4931351671643874,16,280.0
2600.0,17,201.0,4.02,5.337485277612765,9,150.0,0.33881013423044476,8,145.0,0.30964176408120614,17,295.0
2605.0,15,200.0,4.081632653061225,5.469854561042328,9,141.0,0.18559439771446176,6,133.0,0.30160911771893684,15,274.0
2610.0,19,216.0,4.32,4.710159518084531,10,147.0,0.09893683986576442,9,133.0,0.21859834223757554,19,280.0
2615.0,18,229.0,4.320754716981132,5.696452480956345,14,148.0,0.234904460858312,4,130.0,0.29355933128018147,18,278.0
2620.0,21,295.0,5.673076923076923,6.469046090556404,11,194.0,0.3677979051481231,10,158.0,0.37603949034532225,21,352.0
2625.0,16,287.0,5.857142857142857,6.764768328955158,9,214.0,0.3965436975133157,7,141.0,0.44973497514490407,16,355.0
2630.0,18,258.0,5.375,5.55130684522577,12,222.0,0.2501692842278851,6,133.0,0.3292927466207319,18,355.0
2635.0,18,235.0,4.607843137254902,6.169404966319168,10,195.0,0.32341870251702687,8,132.0,0.3869201127618982,18,327.0
2640.0,19,189.0,3.5660377358490565,5.932690897490321,9,156.0,0.2309191193604286,10,132.0,0.49645522119036367,19,288.0
2645.0,20,201.0,3.6545454545454548,6.410824316674669,13,164.0,0.308503019097204,7,125.0,0.5304826878528187,20,289.0
2650.0,16,199.0,3.618181818181818,5.8612964252218624,10,177.0,0.3348184177336607,6,96.0,0.38888440735434293,16,273.0
2655.0,21,215.0,3.7719298245614037,5.205962704180821,11,179.0,0.33195535792812203,10,106.0,0.26332469412622056,21,285.0
2660.0,22,237.0,4.016949152542373,5.492538297864294,10,184.0,0.3583767967088774,12,147.0,0.31370990505015045,22,331.0
2665.0,21,212.0,3.533333333333333,5.847570165301307,10,156.0,0.41962201525745785,11,150.0,0.28139853684693367,21,306.0
2670.0,22,220.0,3.5483870967741935,6.586133261307226,8,135.0,0.48612440073429825,14,191.0,0.2825428820980084,22,326.0
2675.0,24,251.0,3.984126984126984,6.146834781566513,12,134.0,0.4099825251221446,12,214.0,0.2681534090471227,24,348.0
2680.0,23,227.0,3.6031746031746033,6.093898229898696,15,160.0,0.3111887390558372,8,177.0,0.44077673937907186,23,337.0
2685.0,24,203.0,3.2222222222222223,5.309422487702779,17,195.0,0.14364078157946097,7,114.0,0.43865185788221345,24,309.0
2690.0,29,262.0,4.158730158730159,5.214573752365687,17,229.0,0.15207691810622506,12,138.0,0.3807970416499152,29,367.0
2695.0,20,243.0,3.9836065573770494,5.407500027273375,9,211.0,0.28740449290454656,11,166.0,0.25814140907069866,20,377.0
2700.0,20,261.0,4.35,5.124945107497638,9,222.0,0.28144338979361255,11,183.0,0.17127958057833811,20,405.0
2705.0,23,297.0,4.95,5.821205419324441,14,251.0,0.27600045483507707,9,189.0,0.3195264385815107,23,440.0
2710.0,24,378.0,6.096774193548387,5.971472049755591,13,282.0,0.3042637804416659,11,219.0,0.4120724299550468,24,501.0
2715.0,19,294.0,4.9,6.146216981465488,9,256.0,0.3604776396274653,10,188.0,0.41849125323036473,19,444.0
2720.0,18,250.0,4.310344827586207,6.140401888971991,8,206.0,0.39275665403592536,10,144.0,0.30893830663782257,18,350.0
2725.0,22,296.0,5.381818181818182,5.646724371680738,10,197.0,0.33782510745786953,12,173.0,0.25144046713446633,22,370.0
2730.0,20,230.0,4.2592592592592595,5.359098677952354,8,171.0,0.22894006193007538,12,162.0,0.2834727447590158,20,333.0
2735.0,20,260.0,4.90566037735849,5.747300439323447,7,104.0,0.16870217564240927,13,210.0,0.3488082062153946,20,314.0
2740.0,20,317.0,6.096153846153846,6.162852030585636,9,119.0,0.3166001847661225,11,241.0,0.33369255004419285,20,360.0
2745.0,20,331.0,6.365384615384615,6.025697952042598,6,132.0,0.3998925903110804,14,268.0,0.3065630382017477,20,400.0
2750.0,20,270.0,5.4,5.626980164626148,5,105.0,0.4926865615020364,15,261.0,0.2752645807144305,20,366.0
2755.0,21,234.0,4.178571428571429,5.614155038419974,5,72.0,0.531851546850357,16,258.0,0.21606585104573878,21,330.0
2760.0,22,275.0,4.508196721311475,6.201667959830916,6,74.0,0.5301741179319717,16,301.0,0.30937425234217963,22,375.0
2765.0,19,263.0,4.241935483870968,6.33100882150094,8,89.0,0.47256091867434563,11,293.0,0.3436000417374576,19,382.0
2770.0,18,186.0,2.8615384615384616,6.1420811185014506,10,102.0,0.403641144785117,8,242.0,0.39306932976186637,18,344.0
2775.0,26,210.0,3.1818181818181817,5.54977925455997,12,129.0,0.411590951064392,14,201.0,0.31868427366681923,26,330.0
2780.0,23,232.0,3.411764705882353,5.237457236394768,7,124.0,0.4115943674191178,16,235.0,0.23584335428990677,23,359.0
2785.0,31,314.0,4.757575757575758,5.124224326323728,10,108.0,0.41156785879881386,21,305.0,0.1563252769732461,31,413.0
2790.0,30,373.0,5.405797101449275,4.5979423295926996,10,138.0,0.29958939032155574,20,368.0,0.1866508390596752,30,506.0
2795.0,27,343.0,4.830985915492958,4.969877509214233,15,176.0,0.2774862094889406,12,369.0,0.27214574615508663,27,545.0
2800.0,28,294.0,4.140845070422535,5.12023117383214,18,224.0,0.24974956807218565,10,304.0,0.34324006245924843,28,528.0
2805.0,30,385.0,5.065789473684211,5.347691636527584,19,306.0,0.28969788550934766,11,249.0,0.35146348152656315,30,555.0
2810.0,33,415.0,5.4605263157894735,5.160244470610979,19,372.0,0.3149341602937619,14,254.0,0.3045825939897993,33,626.0
2815.0,33,449.0,5.756410256410256,4.99919276669402,18,405.0,0.30210711349643266,15,245.0,0.32464646528476915,33,650.0
2820.0,32,348.0,4.51948051948052,3.9921511909032388,14,369.0,0.2459812484074697,18,261.0,0.14763908333201353,32,630.0
2825.0,26,229.0,3.0533333333333332,4.6050415114258945,13,325.0,0.215022179900859,13,236.0,0.17241810539409755,26,561.0
2830.0,33,351.0,4.618421052631579,4.785062461513175,22,370.0,0.08306867473345371,11,233.0,0.3542396956820565,33,603.0
2835.0,38,417.0,5.56,4.330045424126934,25,450.0,0.08796424394479015,13,242.0,0.34131017241497197,38,692.0
2840.0,33,479.0,6.652777777777778,4.665364099789317,21,493.0,0.2143836921545662,12,274.0,0.36752373721142517,33,767.0
2845.0,32,479.0,6.472972972972973,4.233964463715685,20,514.0,0.2556162245056353,12,300.0,0.22782874928729163,32,814.0
2850.0,29,543.0,7.647887323943662,4.465386700619513,19,513.0,0.21842310488173564,10,309.0,0.23934710865438147,29,822.0
2855.0,31,449.0,6.414285714285715,3.9217874770287486,19,509.0,0.07438961032314237,12,260.0,0.2731309395520542,31,769.0
2860.0,32,362.0,5.171428571428572,4.713259336683021,13,413.0,0.17197550865611533,19,286.0,0.2826994403068809,32,699.0
2865.0,29,405.0,6.136363636363637,4.555065941599408,9,374.0,0.2732917437917944,20,356.0,0.20691710845455288,29,730.0
2870.0,30,443.0,6.420289855072464,4.848405011989877,13,376.0,0.3080806383946459,17,402.0,0.21425770243550255,30,778.0
2875.0,30,491.0,6.819444444444445,4.30861976703908,15,372.0,0.3222916811104963,15,439.0,0.20623332895872798,30,811.0
2880.0,20,435.0,6.214285714285714,5.7017754880663585,8,290.0,0.39608218941327206,12,429.0,0.2723222315409246,20,719.0
2885.0,22,342.0,5.181818181818182,5.576159722942486,9,275.0,0.371377491745856,13,352.0,0.26874186092573843,22,627.0
2890.0,27,352.0,5.333333333333333,4.527779050126485,13,280.0,0.19979784841768286,14,307.0,0.19494983818196257,27,587.0
2895.0,36,448.0,7.111111111111111,3.7407793224402055,17,294.0,0.23129795904330225,19,359.0,0.15967372700822582,36,653.0
2900.0,33,531.0,8.296875,4.015433130439241,15,357.0,0.26705917789185196,18,387.0,0.19733550518543208,33,744.0
2905.0,30,602.0,9.40625,4.232142023861945,14,399.0,0.37237697287551796,16,402.0,0.09513869277860314,30,801.0
2910.0,24,393.0,6.338709677419355,4.301230513281996,12,324.0,0.32900272341933817,12,363.0,0.09165136794862368,24,687.0
2915.0,30,415.0,6.587301587301587,4.38576832112084,18,307.0,0.19550140399038246,12,378.0,0.20169401128188352,30,685.0
2920.0,36,523.0,8.301587301587302,3.938880320106618,20,382.0,0.13379974177156967,16,381.0,0.22097544844322928,36,763.0
2925.0,28,604.0,9.741935483870968,4.281032952051659,14,422.0,0.22009274370483503,14,406.0,0.20358134245206255,28,828.0
2930.0,22,522.0,9.321428571428571,4.684562844582421,14,372.0,0.1580063711494899,8,366.0,0.26180386516137344,22,738.0
2935.0,17,305.0,5.446428571428571,5.704603275281257,10,323.0,0.11634909898484184,7,297.0,0.39115039369984367,17,620.0
2940.0,19,257.0,4.672727272727273,5.643832334966678,9,332.0,0.20341892141707177,10,267.0,0.40315019364357846,19,599.0
2945.0,22,238.0,4.76,5.233959286196216,10,317.0,0.22358504283465702,12,264.0,0.36760446281508213,22,581.0
2950.0,23,259.0,5.18,4.478661758298235,10,319.0,0.2990546576284346,13,202.0,0.3095136599641767,23,521.0
2955.0,25,292.0,5.407407407407407,4.125165360824859,9,258.0,0.32219798603120503,16,229.0,0.2409064139081533,25,487.0
2960.0,21,300.0,5.882352941176471,4.682339384644089,11,257.0,0.27649860537207754,10,217.0,0.3184039709660312,21,474.0
2965.0,16,236.0,4.290909090909091,4.882037577456972,9,250.0,0.30033797320260747,7,209.0,0.3416400615928043,16,459.0
2970.0,20,218.0,3.6333333333333333,5.692263429896667,6,190.0,0.4143388212726685,14,216.0,0.2929062038432767,20,406.0
2975.0,22,214.0,3.5081967213114753,5.007834306778932,6,169.0,0.4386856181971765,16,257.0,0.20569705909879313,22,426.0
2980.0,25,281.0,4.390625,5.247042119669602,11,179.0,0.37272080761087373,14,270.0,0.21300523456719825,25,449.0
2985.0,25,310.0,4.626865671641791,4.967979961962138,12,210.0,0.2560628176500615,13,290.0,0.2555915166121869,25,500.0
2990.0,27,400.0,6.25,5.126140064238858,9,217.0,0.3136269908716694,18,343.0,0.21500429338984756,27,560.0
2995.0,24,430.0,6.71875,4.612101488886285,6,209.0,0.3519993973786698,18,394.0,0.14674021770366116,24,603.0
3000.0,28,510.0,8.095238095238095,4.78555855217816,12,235.0,0.26298922605715674,16,421.0,0.2199015862384612,28,656.0
3005.0,28,451.0,7.046875,4.554202773301086,12,197.0,0.2194381568908884,16,455.0,0.2345077378250431,28,652.0
3010.0,29,522.0,8.15625,5.597670827895557,13,187.0,0.26058576766867464,16,483.0,0.32402798714735165,29,670.0
3015.0,26,417.0,6.836065573770492,4.488922332841255,11,203.0,0.21386341294179034,15,407.0,0.2664282553402935,26,610.0
3020.0,23,281.0,4.683333333333334,4.61964874853563,6,171.0,0.3044725279187352,17,386.0,0.24459358938081197,23,557.0
3025.0,24,244.0,4.0,4.614730970999526,5,126.0,0.3521097473675348,19,424.0,0.16492940229336242,24,550.0
3030.0,24,280.0,4.444444444444445,5.810316900486995,9,146.0,0.3075013922600775,15,423.0,0.3023465391948282,24,569.0
3035.0,25,338.0,5.540983606557377,4.971558506667001,9,151.0,0.22593192346431545,16,444.0,0.25369108951314073,25,595.0
3040.0,20,338.0,5.827586206896552,4.978265058999655,4,111.0,0.3630748471868519,16,470.0,0.19856214565802316,20,581.0
3045.0,23,288.0,5.052631578947368,5.23124050846073,6,113.0,0.5008613016666055,17,459.0,0.2023176215737809,23,572.0
3050.0,24,292.0,4.866666666666666,5.867790748358732,5,102.0,0.5127053255282052,19,445.0,0.20677683071998046,24,547.0
3055.0,24,339.0,5.745762711864407,5.261301203123812,8,127.0,0.40259853249753147,16,480.0,0.15657941490915003,24,607.0
3060.0,22,269.0,4.719298245614035,5.898346334345504,8,84.0,0.5176080693933048,14,457.0,0.165552517738881,22,541.0
3065.0,25,337.0,5.810344827586207,4.294018062502141,10,125.0,0.2613920665006785,15,487.0,0.08617838147214542,25,612.0
3070.0,27,365.0,6.4035087719298245,4.82290521207255,10,148.0,0.265702056328899,17,494.0,0.2124150897231895,27,642.0
3075.0,21,361.0,6.446428571428571,5.413098620930836,8,119.0,0.3726913556567001,13,522.0,0.27448700151556416,21,641.0
3080.0,23,428.0,7.925925925925926,6.141057602361351,9,142.0,0.42988358321663955,14,521.0,0.28988949926150726,23,663.0
3085.0,21,384.0,7.111111111111111,5.243582732730409,6,145.0,0.478016231860454,15,493.0,0.18551529180134899,21,638.0
3090.0,18,286.0,5.296296296296297,5.449458786555346,4,95.0,0.38424491936301775,14,390.0,0.34361406912785447,18,485.0
3095.0,20,269.0,5.0754716981132075,4.879400070912153,8,114.0,0.26623668982268517,12,372.0,0.3806914062202895,20,486.0
3100.0,18,180.0,3.3962264150943398,5.735044590238277,8,111.0,0.3394904656105081,10,273.0,0.34538868412424373,18,384.0
3105.0,21,219.0,4.055555555555555,4.734239106365748,9,132.0,0.13051667890907553,12,297.0,0.22818489556251878,21,429.0
3110.0,25,264.0,4.8,4.995799853794507,7,125.0,0.36338964849295363,18,349.0,0.16231880555016107,25,474.0
3115.0,23,296.0,5.803921568627451,5.422302069320153,4,104.0,0.5640101202792128,19,381.0,0.16916704003409638,23,485.0
3120.0,22,313.0,6.019230769230769,5.771141534610072,3,85.0,0.5562798756042387,19,428.0,0.20600149348140556,22,513.0
3125.0,22,340.0,6.071428571428571,5.248933985236927,4,58.0,0.421520102287075,18,445.0,0.25783546249954964,22,503.0
3130.0,17,294.0,5.345454545454546,5.6782150236076046,7,86.0,0.23169698926862223,10,396.0,0.39360396852415624,17,482.0
3135.0,22,234.0,4.333333333333333,5.018152680324129,9,98.0,0.1900251828111847,13,372.0,0.3590269659870258,22,470.0
3140.0,18,175.0,3.0701754385964914,5.569679708706813,3,78.0,0.49848492213870127,15,348.0,0.22882260715501612,18,426.0
3145.0,23,194.0,3.4642857142857144,4.589565792516046,4,68.0,0.5071505134206942,19,397.0,0.15437247569172297,23,465.0
3150.0,26,287.0,5.035087719298246,5.3933208856352355,6,99.0,0.511972884781326,20,457.0,0.1894025649110959,26,556.0
3155.0,25,381.0,6.245901639344262,5.014485072887244,4,98.0,0.3990692848066971,21,548.0,0.20392667757215974,25,646.0
3160.0,28,420.0,7.0,5.692312869433724,8,100.0,0.49884220887317604,20,568.0,0.2258303842410871,28,668.0
3165.0,17,302.0,5.206896551724138,5.474468496307453,5,107.0,0.41090193498904926,12,482.0,0.18554384804866644,17,589.0
3170.0,25,344.0,5.733333333333333,4.586360294820143,10,132.0,0.27879283045401276,15,474.0,0.1305943325453698,25,606.0
3175.0,29,372.0,6.2,5.06981651244047,12,174.0,0.38028143367282025,17,463.0,0.15368318253015334,29,637.0
3180.0,28,421.0,7.135593220338983,5.372009779210066,12,234.0,0.4363265065385154,16,475.0,0.20760650719017604,28,709.0
3185.0,25,388.0,6.466666666666667,4.7376115853230125,9,252.0,0.348213308155542,16,479.0,0.2817125209108849,25,731.0
3190.0,26,447.0,7.45,4.896957361146994,9,220.0,0.3375093579075726,17,519.0,0.2962618472985401,26,739.0
3195.0,24,302.0,5.11864406779661,4.524020022074932,9,125.0,0.32956974561403896,15,494.0,0.22424540780334193,24,619.0
3200.0,27,313.0,5.305084745762712,4.8632796751780765,11,111.0,0.21909844646267226,16,386.0,0.23574759059948117,27,497.0
3205.0,27,386.0,6.5423728813559325,4.3910795667217535,13,136.0,0.11162406807139551,14,402.0,0.2684552141773279,27,538.0
3210.0,23,460.0,7.419354838709677,5.827504262811739,8,154.0,0.28081243745407025,15,446.0,0.32569110613429053,23,600.0
3215.0,21,464.0,7.483870967741935,5.690084966050169,7,145.0,0.4187793022171509,14,488.0,0.2814879176714849,21,633.0
3220.0,21,523.0,8.046153846153846,6.474759631593025,7,135.0,0.45877052348769376,14,521.0,0.28202172025360056,21,656.0
3225.0,25,482.0,7.774193548387097,4.82019844143571,10,140.0,0.37802776171198976,15,514.0,0.16099536004992532,25,654.0
3230.0,30,468.0,7.3125,5.17832233933134,13,168.0,0.41171003214168056,17,475.0,0.22229455078895471,30,643.0
3235.0,26,500.0,8.064516129032258,4.019047446255311,11,180.0,0.2851077078465126,15,530.0,0.2756253075166886,26,710.0
3240.0,31,550.0,9.01639344262295,4.509312807656082,12,170.0,0.3053122458701982,19,576.0,0.234447314483142,31,746.0
3245.0,29,564.0,8.545454545454545,3.902536001079511,11,143.0,0.3074357925280174,18,629.0,0.1199696590597399,29,772.0
3250.0,27,606.0,8.911764705882353,5.837728457004019,12,166.0,0.36735670731167375,15,641.0,0.28393057235692165,27,807.0
3255.0,28,387.0,6.046875,5.095602215546941,14,183.0,0.2154670398699655,14,532.0,0.38165426996939755,28,715.0
3260.0,26,346.0,5.580645161290323,5.24817518438698,13,209.0,0.24172205207074932,13,340.0,0.3816375145477533,26,549.0
3265.0,25,345.0,5.564516129032258,4.597034502052886,12,235.0,0.28760384801436284,13,315.0,0.2930850002825538,25,550.0
3270.0,25,272.0,4.387096774193548,4.931757458525776,10,226.0,0.36095602936886617,15,260.0,0.21759340404198263,25,486.0
3275.0,21,242.0,4.033333333333333,4.667748785534533,9,198.0,0.3663681019720027,12,296.0,0.17861801497693175,21,494.0
3280.0,21,304.0,5.1525423728813555,5.548298208925985,11,214.0,0.370096937226717,10,312.0,0.27953628200792,21,526.0
3285.0,29,325.0,5.416666666666667,4.744227208167282,14,233.0,0.31427716217225193,15,334.0,0.2509471010138601,29,567.0
3290.0,30,415.0,6.80327868852459,4.439711612376994,17,253.0,0.21997733222897825,13,340.0,0.3063620357170182,30,593.0
3295.0,28,411.0,6.966101694915254,3.5498317564408173,14,298.0,0.2535162415705043,14,351.0,0.20822566642810303,28,649.0
3300.0,32,471.0,7.721311475409836,3.965748385955033,12,305.0,0.3105580628308944,20,380.0,0.14800529516391608,32,685.0
3305.0,28,466.0,7.639344262295082,4.194159987286457,12,283.0,0.2977917675937903,16,426.0,0.1737428454071825,28,709.0
3310.0,20,364.0,5.870967741935484,5.4321999700472325,10,237.0,0.20392168845304876,10,413.0,0.3067631372388557,20,650.0
3315.0,19,223.0,3.6557377049180326,5.705353703717481,12,265.0,0.13668997748485948,7,320.0,0.4101387199016566,19,585.0
3320.0,28,271.0,4.370967741935484,5.211643244814673,14,292.0,0.1688996199947056,14,267.0,0.36121136221570266,28,559.0
3325.0,25,350.0,5.46875,5.337815756759937,12,303.0,0.23693650206425915,13,292.0,0.3847938760181974,25,595.0
3330.0,24,419.0,6.868852459016393,5.60734811459276,13,290.0,0.25015969913349234,11,291.0,0.3896776424124322,24,581.0
3335.0,23,416.0,6.709677419354839,4.9356036846286635,12,288.0,0.21681821590122316,11,328.0,0.34242223316295395,23,616.0
3340.0,25,441.0,7.35,5.268633800532113,8,230.0,0.38247203367593563,17,376.0,0.1643755262886076,25,606.0
3345.0,28,432.0,7.578947368421052,3.776762528237314,8,149.0,0.3512492545184562,20,446.0,0.04993026873796147,28,595.0
3350.0,25,518.0,8.633333333333333,5.620980586086303,11,181.0,0.3769662074291635,14,494.0,0.18993812354666711,25,675.0
3355.0,21,453.0,7.677966101694915,5.762057201368591,10,189.0,0.2923912266668553,11,473.0,0.2969149414394152,21,662.0
3360.0,18,439.0,7.701754385964913,6.650678330270727,9,169.0,0.4121647548522775,9,437.0,0.34386643237278103,18,606.0
3365.0,20,352.0,6.4,6.186261751382802,9,181.0,0.45794761937853923,11,393.0,0.3350208729436588,20,574.0
3370.0,20,217.0,4.09433962264151,4.892038509586635,10,187.0,0.4009334239031461,10,280.0,0.255185643194308,20,467.0
3375.0,24,243.0,4.189655172413793,3.8818474360582322,10,186.0,0.23706971911653185,14,239.0,0.2798567841850442,24,425.0
3380.0,25,269.0,4.409836065573771,4.87058853043278,12,171.0,0.3105964781991613,13,261.0,0.32731375773609156,25,432.0
3385.0,21,300.0,5.0,5.594840083447006,10,191.0,0.3341661044955233,11,267.0,0.34514840127796503,21,458.0
3390.0,24,377.0,5.984126984126984,5.17014356687669,13,225.0,0.28286473412116314,11,278.0,0.23370763197373498,24,503.0
3395.0,30,477.0,7.453125,4.548364496741934,13,280.0,0.29967550817716165,17,328.0,0.19292498013632933,30,608.0
3400.0,27,454.0,6.984615384615385,4.781576552968939,9,307.0,0.42276460725812287,18,318.0,0.19022783403331794,27,625.0
3405.0,28,471.0,7.359375,4.772914999511848,9,298.0,0.35711627479195523,19,361.0,0.2101136258535178,28,659.0
3410.0,30,525.0,7.720588235294118,5.485885769719976,12,292.0,0.3816977942909081,18,402.0,0.2379306740107643,30,694.0
3415.0,22,396.0,5.91044776119403,5.441117121970252,12,272.0,0.24951586538006823,10,370.0,0.3097919754220679,22,642.0
3420.0,24,208.0,3.2,5.234993566568362,16,215.0,0.20946579903705975,8,272.0,0.31616680300029354,24,487.0
3425.0,29,267.0,4.045454545454546,5.441969151942822,14,253.0,0.28497627098364,15,223.0,0.3255341079427817,29,476.0
3430.0,28,304.0,4.825396825396825,5.286038095436988,13,251.0,0.34643426788612025,15,262.0,0.28734739247158914,28,513.0
3435.0,28,354.0,5.2835820895522385,4.638604903971854,13,280.0,0.31769090507771347,15,315.0,0.18215819824591417,28,595.0
3440.0,34,416.0,6.028985507246377,4.699035626721998,17,304.0,0.25160404854140084,17,328.0,0.23243765547893422,34,632.0
3445.0,26,333.0,4.625,5.8106140914905255,16,329.0,0.2483179082599775,10,271.0,0.36264934382181907,26,600.0
3450.0,27,292.0,4.294117647058823,4.727656274993755,16,335.0,0.09938413446973805,11,276.0,0.3556194835937421,27,611.0
3455.0,34,332.0,4.882352941176471,3.9277074879659,20,355.0,0.10757912981171862,14,274.0,0.24446165233324751,34,629.0
3460.0,35,394.0,5.794117647058823,3.6104946695639732,16,389.0,0.25199192419702693,19,334.0,0.13397456486616005,35,723.0
3465.0,35,423.0,6.409090909090909,3.8041770166501854,14,374.0,0.2564076915016949,21,381.0,0.22662846411268453,35,755.0
3470.0,29,312.0,4.656716417910448,4.415289629371894,9,298.0,0.3340383644035612,20,406.0,0.20440584354036567,29,704.0
3475.0,24,231.0,3.3,5.016404810454057,10,296.0,0.2633143440611379,14,361.0,0.25698570543185856,24,657.0
3480.0,27,320.0,4.507042253521127,5.4524978553205,15,309.0,0.14417257907737932,12,333.0,0.33542204291693306,27,642.0
3485.0,29,343.0,4.971014492753623,4.762998460629536,15,320.0,0.16401489330199895,14,341.0,0.3029717034031393,29,661.0
3490.0,27,399.0,5.465753424657534,5.424396630332435,8,271.0,0.3333906472698955,19,385.0,0.24144483873886516,27,656.0
3495.0,30,449.0,6.507246376811594,4.842454641333964,9,264.0,0.37256994827851647,21,438.0,0.187932123667423,30,702.0
3500.0,27,468.0,6.591549295774648,4.776520127250284,12,226.0,0.28106477675393954,15,449.0,0.23460956741104833,27,675.0
3505.0,27,439.0,6.271428571428571,4.063789006979898,14,256.0,0.1775199490260134,13,406.0,0.2531497828472981,27,662.0
3510.0,28,390.0,5.492957746478873,4.898069106870091,10,261.0,0.30406910049820945,18,377.0,0.21631996900799452,28,638.0
3515.0,24,328.0,4.96969696969697,4.914168874091153,6,219.0,0.3682452206466433,18,383.0,0.21671205028038534,24,602.0
3520.0,29,378.0,5.478260869565218,4.958105342918858,9,240.0,0.2905524561850117,20,388.0,0.1997030814789018,29,628.0
3525.0,32,429.0,6.3088235294117645,4.474562334785261,13,258.0,0.2875016377180387,19,437.0,0.21701570704724604,32,695.0
3530.0,30,432.0,6.171428571428572,4.763313284462502,16,290.0,0.23896988665331295,14,423.0,0.26858974153197823,30,713.0
3535.0,27,468.0,7.090909090909091,4.9109319146315125,15,330.0,0.2407326082306993,12,366.0,0.35829895624706926,27,696.0
3540.0,21,415.0,6.484375,5.279840285199432,9,309.0,0.2555881168834184,12,341.0,0.3193669164417346,21,650.0
3545.0,20,350.0,5.555555555555555,4.88320669016428,7,286.0,0.37075010868147484,13,316.0,0.18447788066689805,20,602.0
3550.0,27,272.0,4.459016393442623,4.896462303009569,6,134.0,0.4192096709546911,21,355.0,0.15440972041704937,27,489.0
3555.0,30,358.0,6.067796610169491,4.937183852137648,10,137.0,0.4206787482350824,20,407.0,0.16487579154779955,30,544.0
3560.0,23,364.0,6.5,5.375829136101777,10,168.0,0.3448804870772083,13,394.0,0.27057378375913016,23,562.0
3565.0,23,333.0,6.529411764705882,4.635807241203511,10,194.0,0.21023160839050387,13,345.0,0.23144716077175945,23,539.0
3570.0,24,275.0,5.5,4.726804082729238,10,187.0,0.2867953184610438,14,289.0,0.20650145848309093,24,476.0
3575.0,23,307.0,6.395833333333333,4.8538421138976,10,189.0,0.34865696563020865,13,302.0,0.21974107604886356,23,491.0
3580.0,20,244.0,4.6923076923076925,4.732664852236342,9,186.0,0.29235886371277425,11,284.0,0.2539895109405069,20,470.0
3585.0,15,181.0,3.480769230769231,6.277114482657111,5,130.0,0.5163552671266946,10,293.0,0.2259855293492747,15,423.0
3590.0,14,151.0,2.849056603773585,6.12540821249689,5,113.0,0.40988351026294045,9,244.0,0.2545612577900251,14,357.0
3595.0,18,156.0,2.943396226415094,5.779376074923904,12,162.0,0.19908485066809092,6,211.0,0.3557147278122593,18,373.0
3600.0,22,229.0,4.2407407407407405,6.43511126215408,12,175.0,0.26845233031923527,10,244.0,0.47067562892913417,22,419.0
3605.0,17,278.0,5.450980392156863,7.261934082747691,7,153.0,0.4758283114230822,10,294.0,0.40583998726493214,17,447.0
3610.0,16,259.0,4.796296296296297,6.216513547003187,7,148.0,0.5033352491347808,9,293.0,0.28898526039560213,16,441.0
3615.0,20,334.0,6.30188679245283,5.88410642349784,11,187.0,0.30231628134003685,9,291.0,0.3338730598364656,20,478.0
3620.0,21,394.0,7.433962264150943,5.06819975760511,13,223.0,0.16007611470068342,8,326.0,0.4110570548585198,21,549.0
3625.0,15,433.0,8.83673469387755,6.465200143166932,9,229.0,0.27341406274625807,6,345.0,0.45964159279341715,15,574.0
3630.0,16,345.0,7.5,5.699801639419706,9,235.0,0.2580386405776592,7,300.0,0.41472478285118425,16,535.0
3635.0,20,418.0,9.28888888888889,5.804290658705823,13,276.0,0.25717293169158073,7,250.0,0.42427289434887544,20,526.0
3640.0,19,347.0,7.711111111111111,4.954449271788048,12,213.0,0.2020544369503425,7,285.0,0.4661361707790292,19,498.0
3645.0,18,381.0,8.86046511627907,5.326181970342159,12,183.0,0.27257772420613907,6,310.0,0.43815728502267315,18,493.0
3650.0,21,403.0,8.395833333333334,4.518882435485697,13,195.0,0.294193556503696,8,348.0,0.28112211456641195,21,543.0
3655.0,13,255.0,5.204081632653061,6.127916052201203,4,143.0,0.4214317368908801,9,291.0,0.30345256164351614,13,434.0
3660.0,13,249.0,5.413043478260869,6.459650608489409,4,132.0,0.44582139441583474,9,159.0,0.25570150912145667,13,291.0
3665.0,18,334.0,6.958333333333333,6.9035119881138085,6,144.0,0.5290367620969619,12,214.0,0.23733007059996059,18,358.0
3670.0,15,269.0,5.2745098039215685,5.999130113554361,7,139.0,0.466059635608148,8,205.0,0.21612855098229672,15,344.0
3675.0,15,273.0,5.808510638297872,6.482841648232789,8,164.0,0.4661084280497484,7,153.0,0.36435636848509256,15,317.0
3680.0,14,193.0,4.1063829787234045,6.555420005638421,10,101.0,0.32571539062939137,4,145.0,0.5289449766599177,14,246.0
3685.0,17,264.0,5.28,7.244949322159106,11,127.0,0.391755717884434,6,160.0,0.4977991152284282,17,287.0
3690.0,14,141.0,2.82,5.919546364307921,8,140.0,0.3029477777050799,6,83.0,0.3737104489979921,14,223.0
3695.0,15,175.0,3.5714285714285716,7.27643435602369,8,128.0,0.4441166935169224,7,69.0,0.3594888117709072,15,197.0
3700.0,16,100.0,2.0833333333333335,6.1445809641206415,9,94.0,0.30159242907868894,7,61.0,0.30987503124560234,16,155.0
3705.0,12,122.0,2.5416666666666665,7.01559755076451,9,114.0,0.3427194032818045,3,44.0,0.34924463566689007,12,158.0
3710.0,13,89.0,1.8541666666666667,6.994960685730052,8,120.0,0.3917045552743213,5,52.0,0.45778767875661036,13,172.0
3715.0,17,168.0,3.574468085106383,7.353139339284885,10,134.0,0.41945692636563175,7,73.0,0.48943985228557474,17,207.0
3720.0,16,183.0,4.255813953488372,5.150108821329759,8,136.0,0.3041782078633607,8,109.0,0.31180059327679144,16,245.0
3725.0,19,217.0,4.931818181818182,4.47571042120796,10,128.0,0.3070871682676886,9,131.0,0.08114964373135528,19,259.0
3730.0,18,243.0,5.5227272727272725,4.945896786685085,10,149.0,0.19843339617095174,8,132.0,0.18126700930612613,18,281.0
3735.0,18,257.0,5.711111111111111,6.263620544144316,12,183.0,0.20433212657593572,6,133.0,0.3799121046350757,18,316.0
3740.0,16,221.0,4.911111111111111,6.830045975428152,10,190.0,0.21319300782723669,6,119.0,0.5358231498344063,16,309.0
3745.0,13,162.0,3.6818181818181817,6.748731550918877,7,168.0,0.35229041897125457,6,116.0,0.5348739684118816,13,284.0
3750.0,15,229.0,5.088888888888889,6.651448772698132,7,170.0,0.4454634978503413,8,113.0,0.4195764241159723,15,283.0
3755.0,16,269.0,5.604166666666667,6.2315679495667675,10,202.0,0.4288769232911125,6,121.0,0.4375907715410348,16,323.0
3760.0,18,246.0,4.823529411764706,6.2415909276903845,7,180.0,0.4277103318196517,11,157.0,0.4111687459295474,18,337.0
3765.0,17,228.0,4.384615384615385,5.746186213395565,7,136.0,0.3153746456488295,10,159.0,0.34263582020975525,17,295.0
3770.0,10,123.0,2.2777777777777777,6.511158379976546,6,114.0,0.2973804152395911,4,103.0,0.34337875967122417,10,217.0
3775.0,16,111.0,2.018181818181818,6.21929547421627,9,84.0,0.22447105007748203,7,69.0,0.3343715203452743,16,153.0
3780.0,18,145.0,2.7358490566037736,5.944557042365712,9,118.0,0.3564283429584327,9,80.0,0.3014710341599319,18,198.0
3785.0,20,216.0,4.0,5.835728434407791,10,151.0,0.40760876733475204,10,106.0,0.29531529402417656,20,257.0
3790.0,17,219.0,4.760869565217392,5.122957030382059,8,166.0,0.31681498875761904,9,113.0,0.31077470680630603,17,279.0
3795.0,15,223.0,4.74468085106383,5.282898718630073,9,152.0,0.26239028643924533,6,111.0,0.32897825825391636,15,263.0
3800.0,20,167.0,3.2745098039215685,5.510112688202423,9,110.0,0.30480084195224305,11,111.0,0.28144161577557286,20,221.0
3805.0,23,254.0,4.980392156862745,6.0564570369325725,11,132.0,0.3883284494408755,12,157.0,0.3328487207379312,23,289.0
3810.0,17,235.0,4.7,5.696779151283959,8,132.0,0.350701023475512,9,175.0,0.3082218030377094,17,307.0
3815.0,22,285.0,5.377358490566038,5.173946256737138,12,143.0,0.22825975106857094,10,184.0,0.26797023466888265,22,327.0
3820.0,24,338.0,6.035714285714286,5.6527435416638765,11,174.0,0.3058206538400314,13,231.0,0.30207656866708454,24,405.0
3825.0,17,284.0,5.461538461538462,6.494723495875497,7,169.0,0.3995539639072562,10,215.0,0.3559312361407561,17,384.0
3830.0,17,183.0,3.519230769230769,5.256040316011225,7,142.0,0.2932277046760689,10,172.0,0.33794823097596655,17,314.0
3835.0,18,200.0,3.7735849056603774,5.534901353849541,9,117.0,0.3786793721393989,9,173.0,0.26068136181289303,18,290.0
3840.0,18,222.0,4.352941176470588,5.9110121820528825,8,138.0,0.28412275907930784,10,150.0,0.3396179369405278,18,288.0
3845.0,17,199.0,3.7547169811320753,6.148643320697153,6,132.0,0.26785816214499825,11,126.0,0.29410160927593276,17,258.0
3850.0,15,156.0,3.0,6.0425869773527285,5,97.0,0.21092334256005696,10,154.0,0.3202784459841824,15,251.0
3855.0,20,190.0,3.5849056603773586,6.43927985179778,7,75.0,0.4345994307221464,13,191.0,0.3108676651606318,20,266.0
3860.0,17,211.0,4.22,5.996002058394048,5,88.0,0.4583044587929407,12,203.0,0.34929334355430025,17,291.0
3865.0,14,205.0,4.019607843137255,6.245665173577732,4,86.0,0.5112843530205269,10,210.0,0.3764398282656458,14,296.0
3870.0,19,241.0,4.547169811320755,5.7699056503945725,7,100.0,0.4388028090076547,12,213.0,0.3007471216381375,19,313.0
3875.0,21,241.0,4.547169811320755,5.716358329636608,9,142.0,0.2629773578553236,12,202.0,0.3345909868172975,21,344.0
3880.0,21,224.0,4.226415094339623,6.087762770644046,8,109.0,0.455347095506191,13,221.0,0.3002083384717085,21,330.0
3885.0,22,298.0,5.8431372549019605,5.761273996143167,8,118.0,0.46378067642998555,14,260.0,0.25654314646883786,22,378.0
3890.0,19,261.0,4.9245283018867925,4.875200977476249,5,111.0,0.3802149599144621,14,279.0,0.2271100493075487,19,390.0
3895.0,19,222.0,3.9642857142857144,5.179895283843812,5,62.0,0.3602549856057393,14,298.0,0.2442660735033306,19,360.0
3900.0,23,220.0,3.9285714285714284,5.28427935670525,7,82.0,0.3820789078365565,16,294.0,0.2344866321151524,23,376.0
3905.0,27,256.0,4.413793103448276,4.276871131488916,12,130.0,0.2539026765932618,15,313.0,0.20745920655603697,27,443.0
3910.0,25,246.0,4.241379310344827,4.651500920258464,13,167.0,0.2893196182784414,12,285.0,0.24945324118583778,25,452.0
3915.0,21,276.0,4.6,5.047150204757233,9,174.0,0.3380496582758894,12,306.0,0.18682846497554742,21,480.0
3920.0,20,259.0,4.245901639344262,5.666280562080085,6,166.0,0.43495691893789556,14,312.0,0.1651616561436789,20,478.0
3925.0,22,291.0,4.932203389830509,5.809650169667972,9,169.0,0.44536792417851523,13,326.0,0.2596775685400452,22,495.0
3930.0,23,366.0,6.310344827586207,5.519112569252284,9,204.0,0.3945171549655146,14,319.0,0.26577623834182795,23,523.0
3935.0,24,379.0,6.213114754098361,4.750968002850395,11,225.0,0.2387336714814499,13,315.0,0.3481477895669083,24,540.0
3940.0,22,382.0,6.366666666666666,5.648767790651121,12,244.0,0.2620143913761927,10,259.0,0.36250762408229975,22,503.0
3945.0,19,216.0,3.4838709677419355,5.252691727470532,9,177.0,0.24691621811017977,10,235.0,0.29853252802352115,19,412.0
3950.0,33,328.0,5.046153846153846,4.954962864299093,15,194.0,0.28515107364234143,18,276.0,0.28467971320000174,33,470.0
3955.0,29,382.0,5.876923076923077,5.100815991937627,11,222.0,0.42745589373189913,18,325.0,0.2590577408357494,29,547.0
3960.0,25,453.0,6.863636363636363,5.953377737078099,12,226.0,0.41063882977331007,13,348.0,0.3460852079616231,25,574.0
3965.0,22,407.0,6.074626865671642,5.3326944591291605,12,241.0,0.340273919149912,10,320.0,0.2718594794141205,22,561.0
3970.0,22,395.0,5.563380281690141,5.649862485884142,9,216.0,0.3211601404801857,13,299.0,0.26914608930309664,22,515.0
3975.0,25,341.0,4.871428571428571,5.446737736222867,11,171.0,0.35605842912501545,14,344.0,0.2706083270857136,25,515.0
3980.0,27,425.0,6.071428571428571,5.942805986316422,16,163.0,0.3116970809246489,11,387.0,0.35989468967555793,27,550.0
3985.0,30,420.0,6.176470588235294,4.534863883350106,16,216.0,0.23130027389545468,14,364.0,0.2611473028088395,30,580.0
3990.0,25,311.0,4.442857142857143,5.429879207758941,10,226.0,0.2831723753056909,15,301.0,0.3338755831508415,25,527.0
3995.0,23,258.0,3.7941176470588234,5.086291567435529,10,204.0,0.3486796582179924,13,332.0,0.2097732303478116,23,536.0
4000.0,34,369.0,5.426470588235294,4.67000916881161,17,241.0,0.2875868210791065,17,369.0,0.21687549559859653,34,610.0
4005.0,33,346.0,5.40625,3.9861789473147553,17,265.0,0.18567543606964326,16,413.0,0.270250840088687,33,678.0
4010.0,29,350.0,5.555555555555555,5.032709470609276,16,247.0,0.19779976738109892,13,403.0,0.3524313096248639,29,650.0
4015.0,28,307.0,4.723076923076923,4.121355581993387,17,271.0,0.16562141868463545,11,395.0,0.22129322382301286,28,666.0
4020.0,27,286.0,4.4,5.149795948482577,9,233.0,0.2925170540111129,18,426.0,0.1620220085282234,27,659.0
4025.0,26,346.0,5.672131147540983,4.770896128628729,8,217.0,0.40914434647572906,18,435.0,0.08913060206182605,26,652.0
4030.0,28,361.0,5.73015873015873,4.579413101027154,11,243.0,0.4100475149682089,17,461.0,0.061211716627313104,28,704.0
4035.0,31,433.0,6.983870967741935,3.883906220998812,14,297.0,0.2975215200544515,17,493.0,0.17856111200389677,31,790.0
4040.0,28,425.0,6.640625,4.829746951299991,17,336.0,0.25004862432253244,11,478.0,0.3555373067178329,28,814.0
4045.0,25,476.0,7.0,5.012339882531956,13,338.0,0.3012515895605802,12,444.0,0.22118726806615266,25,782.0
4050.0,25,451.0,6.178082191780822,5.4495108993016075,11,288.0,0.41057997440854704,14,379.0,0.15070266219235628,25,667.0
4055.0,30,547.0,7.927536231884058,5.140673138940755,16,337.0,0.37055278722135643,14,401.0,0.1888120424251079,30,738.0
4060.0,32,543.0,8.227272727272727,4.789841993031662,20,319.0,0.24369599141162665,12,394.0,0.32345692382121827,32,713.0
4065.0,32,512.0,7.757575757575758,3.8542483199613065,21,328.0,0.12084417796037353,11,403.0,0.3054900183803004,32,731.0
4070.0,32,586.0,8.371428571428572,4.46955263201176,20,376.0,0.20174788460614765,12,435.0,0.3488502128901426,32,811.0
4075.0,28,426.0,6.454545454545454,5.42510602172266,16,370.0,0.3211560555971586,12,347.0,0.3591359840629907,28,717.0
4080.0,27,304.0,4.537313432835821,4.370136946456434,17,393.0,0.22832671419361597,10,258.0,0.27090106983681456,27,651.0
4085.0,33,348.0,4.9714285714285715,4.471605719147222,22,416.0,0.18420118404031877,11,262.0,0.2784867871035137,33,678.0
4090.0,35,432.0,6.545454545454546,5.05408164812322,25,476.0,0.16525721364303542,10,255.0,0.4635692377945382,35,731.0
4095.0,31,398.0,6.03030303030303,4.4551941627147595,22,499.0,0.11385085702951411,9,214.0,0.42025834493673725,31,713.0
4100.0,31,404.0,5.534246575342466,4.570979235089437,20,533.0,0.23782478534957283,11,210.0,0.258602164243427,31,743.0
4105.0,33,433.0,6.013888888888889,4.814281753414349,21,564.0,0.29397525991086804,12,233.0,0.3274962220983675,33,797.0
4110.0,35,476.0,6.346666666666667,4.952442031554885,22,594.0,0.27637724023430776,13,253.0,0.3988403400209376,35,847.0
4115.0,29,334.0,4.453333333333333,4.93786900760872,18,535.0,0.25548266081349336,11,220.0,0.40237765528010827,29,755.0
4120.0,33,443.0,5.906666666666666,4.629764822794514,19,520.0,0.21446932544876815,14,184.0,0.2453369589965855,33,704.0
4125.0,33,405.0,5.0625,4.7930322921825095,19,512.0,0.24850732878355133,14,203.0,0.21681847731558912,33,715.0
4130.0,31,411.0,5.269230769230769,5.027355189364452,23,564.0,0.16724246716928817,8,173.0,0.37026581631205246,31,737.0
4135.0,35,424.0,5.5064935064935066,4.362105276078533,26,608.0,0.1238637587329618,9,197.0,0.3427881607903113,35,805.0
4140.0,40,429.0,5.571428571428571,4.241036670123214,25,610.0,0.15909581447929008,15,227.0,0.27872732864273997,40,837.0
4145.0,35,492.0,6.3896103896103895,3.9130203530597885,21,646.0,0.19531873159188756,14,247.0,0.25062681375173484,35,893.0
4150.0,29,445.0,6.357142857142857,4.746655583237867,17,652.0,0.23149025840699622,12,216.0,0.25845261220533056,29,868.0
4155.0,25,416.0,5.942857142857143,4.286810854253991,15,653.0,0.2237719564389725,10,214.0,0.12576074317457325,25,867.0
4160.0,29,408.0,6.08955223880597,4.927422931446426,17,632.0,0.2115908507805417,12,199.0,0.19369323144220668,29,831.0
4165.0,32,385.0,6.311475409836065,3.578085870846641,20,628.0,0.11408242500446375,12,216.0,0.2431307773314041,32,844.0
4170.0,29,432.0,6.6461538461538465,4.457093033006552,21,639.0,0.13718545681116182,8,203.0,0.34608449470995895,29,842.0
4175.0,29,357.0,5.492307692307692,4.741525108011881,21,607.0,0.16843714326840759,8,177.0,0.38386245581713335,29,784.0
4180.0,28,417.0,6.318181818181818,5.453256827897171,20,644.0,0.25723733256529685,8,166.0,0.4121864182531228,28,810.0
4185.0,20,326.0,5.258064516129032,4.858719870304932,14,610.0,0.23973615917097668,6,149.0,0.2950385785994382,20,759.0
4190.0,23,381.0,6.35,4.55182900129384,15,577.0,0.28947403997688104,8,152.0,0.19687707311248076,23,729.0
4195.0,25,353.0,5.693548387096774,4.5138828860679805,15,564.0,0.2878234379601768,10,144.0,0.27567109579230364,25,708.0
4200.0,32,499.0,8.048387096774194,4.098315579623677,21,623.0,0.21018186856312088,11,158.0,0.37559751645105555,32,781.0
4205.0,32,520.0,8.125,3.5995954757125768,24,668.0,0.1620917419405312,8,153.0,0.4222128411994144,32,821.0
4210.0,26,521.0,8.26984126984127,4.663580562018798,20,698.0,0.17215872961691903,6,98.0,0.45400908602342516,26,796.0
4215.0,24,551.0,8.102941176470589,4.933787083491257,17,730.0,0.20502802009867077,7,96.0,0.24311654432265392,24,826.0
4220.0,27,408.0,5.913043478260869,5.948009173204416,14,613.0,0.37259657894936293,13,103.0,0.10043533340084171,27,716.0
4225.0,28,502.0,7.606060606060606,5.277374625759787,18,606.0,0.28659354904423173,10,129.0,0.25736845255396085,28,735.0
4230.0,25,435.0,6.304347826086956,5.758632742198758,20,575.0,0.19046842571726494,5,122.0,0.5170477910022672,25,697.0
4235.0,23,325.0,4.779411764705882,6.462584409022001,18,477.0,0.13529525575387827,5,127.0,0.6883089965985728,23,604.0
4240.0,23,360.0,5.0,6.676274080978536,18,520.0,0.20927231438016944,5,142.0,0.5900607329110357,23,662.0
4245.0,23,332.0,4.742857142857143,5.50672266927982,18,541.0,0.2187413451662237,5,124.0,0.3576247724207819,23,665.0
4250.0,29,365.0,5.214285714285714,5.347607693325427,19,577.0,0.202728955418134,10,128.0,0.40013755571480014,29,705.0
4255.0,28,280.0,4.0,5.460668565035706,17,533.0,0.2806911173066367,11,175.0,0.4127106944533332,28,708.0
4260.0,23,349.0,4.985714285714286,5.520421549438713,15,546.0,0.28157743573033056,8,184.0,0.390010029965491,23,730.0
4265.0,26,356.0,4.746666666666667,5.100269444941362,15,591.0,0.28517779527667536,11,186.0,0.2667986572164043,26,777.0
4270.0,35,463.0,6.173333333333333,4.847012578291324,19,622.0,0.2618540221264978,16,192.0,0.2691123194189592,35,814.0
4275.0,30,482.0,6.694444444444445,4.583693767849477,18,603.0,0.256446985003273,12,180.0,0.2385353742894718,30,783.0
4280.0,32,536.0,7.243243243243243,4.010679126523349,19,656.0,0.2507494432028546,13,217.0,0.18556595415441335,32,873.0
4285.0,37,627.0,8.36,4.203568656236534,23,723.0,0.21549447258773136,14,245.0,0.2795175007028087,37,968.0
4290.0,39,678.0,9.04,4.4267531368592765,28,737.0,0.081601032542985,11,236.0,0.4343576482113653,39,973.0
4295.0,38,489.0,6.698630136986301,4.132279740843785,28,672.0,0.024897836896675303,10,213.0,0.3806333945418089,38,885.0
4300.0,41,553.0,7.680555555555555,4.069110843815356,24,666.0,0.1355184294931413,17,202.0,0.31622165247206563,41,868.0
4305.0,36,646.0,8.849315068493151,4.232038518493433,22,683.0,0.26751281433511326,14,249.0,0.2610894978022643,36,932.0
4310.0,38,667.0,9.394366197183098,3.3258456165849504,22,722.0,0.19447250752186263,16,267.0,0.2135997384636329,38,989.0
4315.0,34,528.0,7.436619718309859,3.2859061677584176,16,687.0,0.21039535671035012,18,309.0,0.16279007796897818,34,996.0
4320.0,31,510.0,6.891891891891892,4.309683665846994,16,656.0,0.2090816353013513,15,307.0,0.19622372105636263,31,963.0
4325.0,23,373.0,5.253521126760563,4.891827099154979,14,619.0,0.21015814240318592,9,278.0,0.26698394489721516,23,897.0
4330.0,28,336.0,4.869565217391305,4.477350668366279,18,578.0,0.1753265299804049,10,250.0,0.2681028426523928,28,828.0
4335.0,34,435.0,6.126760563380282,4.187452750812964,21,612.0,0.16188194936373393,13,274.0,0.2993290490247563,34,886.0
4340.0,24,460.0,6.666666666666667,4.902260225678935,14,582.0,0.18100070581666178,10,274.0,0.3351880596528599,24,856.0
4345.0,21,403.0,5.676056338028169,5.479240382422321,11,561.0,0.22763210501248202,10,287.0,0.3175883416673452,21,848.0
4350.0,33,543.0,7.438356164383562,5.3211512875268046,17,575.0,0.26397064804346054,16,333.0,0.22740794534440434,33,908.0
4355.0,39,605.0,8.897058823529411,4.057926630495942,19,581.0,0.29305353481806046,20,388.0,0.13365936161827444,39,969.0
4360.0,31,555.0,8.043478260869565,4.725423767074304,17,529.0,0.2713039319786037,14,402.0,0.2590493239427558,31,931.0
4365.0,31,500.0,6.944444444444445,4.037112842925976,20,558.0,0.14399152978645255,11,361.0,0.24045250847053976,31,919.0
4370.0,31,489.0,6.985714285714286,5.166049103547036,16,538.0,0.1871079482693496,15,367.0,0.30727627785594386,31,905.0
4375.0,25,356.0,5.5625,4.854772248795004,12,486.0,0.25752941101779486,13,305.0,0.18724658335396271,25,791.0
4380.0,30,334.0,5.301587301587301,5.04873818788305,13,465.0,0.21955182383547855,17,280.0,0.2656953997840319,30,745.0
4385.0,29,334.0,5.566666666666666,4.348696553880095,16,438.0,0.1329663069438163,13,294.0,0.3193117565789325,29,732.0
4390.0,33,452.0,7.409836065573771,4.379268348000233,17,375.0,0.1444354115113222,16,338.0,0.29960839429405156,33,713.0
4395.0,34,450.0,7.377049180327869,3.6815521994283347,17,390.0,0.13759388513163626,17,350.0,0.29341809126644425,34,740.0
4400.0,20,304.0,4.903225806451613,4.71795492573437,9,328.0,0.19714318753695018,11,288.0,0.2816160652378399,20,616.0
4405.0,19,319.0,5.063492063492063,5.246039672116267,8,307.0,0.2515612593091466,11,294.0,0.240908747000868,19,601.0
4410.0,24,372.0,5.636363636363637,5.283193473999318,8,305.0,0.3232304730639715,16,327.0,0.17127155746495965,24,632.0
4415.0,31,436.0,6.8125,5.637153105278831,12,320.0,0.3510497834912238,19,337.0,0.23876696005317402,31,657.0
4420.0,28,512.0,8.39344262295082,5.137137543027978,9,341.0,0.35733119441172334,19,363.0,0.239692030877878,28,704.0
4425.0,25,546.0,9.1,4.978636378933614,7,333.0,0.36822297070645155,18,369.0,0.20192772762974126,25,702.0
4430.0,17,257.0,4.508771929824562,5.581520673769168,6,229.0,0.3233699753356565,11,312.0,0.28804282111988383,17,541.0
4435.0,17,187.0,3.4,5.817624989110507,8,151.0,0.18386976089590182,9,269.0,0.3553285562773959,17,420.0
4440.0,22,246.0,4.472727272727273,4.824907799813986,10,187.0,0.2104944229537814,12,251.0,0.1816411198576623,22,438.0
4445.0,27,345.0,6.509433962264151,4.306190441437644,10,222.0,0.3210314504618196,17,286.0,0.13942822490158024,27,508.0
4450.0,20,295.0,5.363636363636363,5.780565170358119,7,180.0,0.41234048091391,13,275.0,0.2625376831633265,20,455.0
4455.0,14,249.0,4.611111111111111,5.937220802271558,8,153.0,0.3645812963545386,6,221.0,0.31596675436969607,14,374.0
4460.0,17,164.0,2.9285714285714284,5.74956188294118,8,139.0,0.2924416704779516,9,193.0,0.3873699235600868,17,332.0
4465.0,18,147.0,2.7222222222222223,6.261736903015394,6,83.0,0.4934580584357446,12,196.0,0.33624287066495717,18,279.0
4470.0,20,195.0,3.5454545454545454,6.042184887950942,5,85.0,0.4974836297511771,15,235.0,0.2920921843363477,20,320.0
4475.0,23,226.0,4.035714285714286,5.392812070241739,7,98.0,0.4308939771352568,16,268.0,0.21878134390764506,23,366.0
4480.0,23,292.0,5.0344827586206895,5.339438426140834,10,110.0,0.3273442031501853,13,306.0,0.2978566308733599,23,416.0
4485.0,25,294.0,4.9,4.455152538171319,13,153.0,0.2813728407295501,12,302.0,0.26906176166772044,25,455.0
4490.0,23,262.0,4.366666666666666,5.079660904982016,12,174.0,0.3179734483982395,11,240.0,0.29429514361474934,23,414.0
4495.0,17,197.0,3.396551724137931,5.5339595666209735,6,153.0,0.3439063844643413,11,242.0,0.26244932247136055,17,395.0
4500.0,19,169.0,2.913793103448276,5.607922802791095,6,123.0,0.24879685899728968,13,224.0,0.3306956113281796,19,347.0
4505.0,25,240.0,4.2105263157894735,4.882108606062276,13,160.0,0.19349895675022227,12,256.0,0.2566140046703664,25,416.0
4510.0,24,281.0,5.109090909090909,5.41798358041359,12,187.0,0.2952663344933631,12,271.0,0.2800597761849807,24,458.0
4515.0,17,256.0,4.7407407407407405,5.340048438011469,4,153.0,0.38383023111702913,13,281.0,0.17911496053968215,17,434.0
4520.0,14,230.0,4.339622641509434,5.632529401650037,4,147.0,0.2855848968952271,10,242.0,0.21117030785701532,14,389.0
4525.0,22,284.0,5.461538461538462,5.389488207383978,9,154.0,0.14290520117632308,13,266.0,0.19836535512566175,22,420.0
4530.0,21,337.0,6.3584905660377355,5.383470745968783,10,170.0,0.1455533022163763,11,293.0,0.33502462444414066,21,463.0
4535.0,12,198.0,3.96,6.5629250184563634,3,146.0,0.4708954855793588,9,226.0,0.32562511583973724,12,372.0
4540.0,11,135.0,3.13953488372093,7.169312690637687,0,72.0,0.6601698531707647,11,199.0,0.2720194929723203,11,271.0
4545.0,15,190.0,4.130434782608695,6.277435713820303,3,43.0,0.5483700134298801,12,248.0,0.20624545832458052,15,291.0
4550.0,19,266.0,5.782608695652174,6.013105187503129,7,76.0,0.395652774972421,12,290.0,0.2778023454991003,19,366.0
4555.0,18,237.0,5.1521739130434785,4.848965692656823,8,83.0,0.3893402136698859,10,280.0,0.20262293617110952,18,363.0
4560.0,15,238.0,5.534883720930233,5.202603297360308,3,62.0,0.4697786476235989,12,259.0,0.08278852433187735,15,321.0
4565.0,14,161.0,3.8333333333333335,6.163151692173459,3,45.0,0.5342850971793547,11,228.0,0.13876175706465885,14,273.0
4570.0,12,138.0,3.3658536585365852,6.932293224123164,6,54.0,0.37292605688530456,6,126.0,0.24663983819528554,12,180.0
4575.0,13,178.0,4.8108108108108105,6.621216464409638,7,81.0,0.174656460722289,6,123.0,0.4022328037024913,13,204.0
4580.0,17,244.0,6.594594594594595,5.705744453645539,10,111.0,0.0011874023570799545,7,157.0,0.3926891698206421,17,268.0
4585.0,16,269.0,6.897435897435898,5.347062012825675,9,120.0,0.10635641982326138,7,170.0,0.4517124912635965,16,290.0
4590.0,18,351.0,8.560975609756097,6.233432345419062,8,163.0,0.39088131275024673,10,207.0,0.4079501696486019,18,370.0
4595.0,11,256.0,6.095238095238095,6.651250261465254,4,160.0,0.630882775028351,7,184.0,0.3376245702737319,11,344.0
4600.0,10,260.0,6.341463414634147,7.541559790401804,3,120.0,0.6403374858735827,7,167.0,0.30107581854701815,10,287.0
4605.0,13,71.0,1.7317073170731707,5.976569869407473,3,39.0,0.426601410640808,10,128.0,0.261763761988859,13,167.0
4610.0,17,123.0,2.7954545454545454,5.742715788103295,10,52.0,0.2738573460449533,7,109.0,0.3028204356225195,17,161.0
4615.0,19,168.0,3.9069767441860463,4.791884926975087,11,89.0,0.26105243834114106,8,121.0,0.3332199563215723,19,210.0
4620.0,20,259.0,5.630434782608695,5.926980887187687,10,133.0,0.35054175166251456,10,169.0,0.39129666654472944,20,302.0
4625.0,20,254.0,5.291666666666667,4.886944309366172,10,152.0,0.2594683416932369,10,190.0,0.4154865063490946,20,342.0
4630.0,16,255.0,5.204081632653061,5.8373180438930605,4,116.0,0.3298789280015059,12,227.0,0.3586515494056037,16,343.0
4635.0,16,192.0,3.9183673469387754,5.10733918130899,4,115.0,0.42947453722094026,12,213.0,0.16174076764274864,16,328.0
4640.0,18,205.0,4.1,5.758907629805013,10,150.0,0.32294136244188487,8,152.0,0.22106904319362772,18,302.0
4645.0,18,207.0,4.5,4.504454493961418,9,163.0,0.19750163073907465,9,156.0,0.18037762848299876,18,319.0
4650.0,17,207.0,4.404255319148936,5.872541945863194,6,136.0,0.36185083940339546,11,134.0,0.22831878427262278,17,270.0
4655.0,13,97.0,2.0208333333333335,5.8595243669671975,4,76.0,0.3945362350645254,9,139.0,0.2115806129093024,13,215.0
4660.0,21,192.0,4.085106382978723,6.506776169048424,11,112.0,0.47237327924639555,10,152.0,0.2993603855695746,21,264.0
4665.0,19,200.0,4.0,5.656988977246378,12,156.0,0.40775400308691784,7,153.0,0.317703536955915,19,309.0
4670.0,19,212.0,4.51063829787234,5.176890613758782,13,187.0,0.2856764098040577,6,109.0,0.40084016029635344,19,296.0
4675.0,22,246.0,4.730769230769231,4.46926232990266,16,209.0,0.1504524919391907,6,125.0,0.48982686487715577,22,334.0
4680.0,20,182.0,3.192982456140351,5.574580907170567,13,197.0,0.24125865871521143,7,114.0,0.458718617426503,20,311.0
4685.0,17,229.0,4.089285714285714,6.350363969676918,9,205.0,0.38667709548584994,8,117.0,0.4252352172661566,17,322.0
4690.0,21,227.0,3.721311475409836,5.875135742396896,13,239.0,0.3605871838239379,8,104.0,0.3811384952538821,21,343.0
4695.0,24,222.0,3.76271186440678,5.137968490240878,16,242.0,0.3446235761776202,8,103.0,0.36171860508371334,24,345.0
4700.0,28,315.0,5.163934426229508,5.126857906718154,20,322.0,0.32491252111797136,8,116.0,0.38511929884894075,28,438.0
4705.0,33,403.0,5.757142857142857,4.7613228681594775,21,386.0,0.24717155939724916,12,153.0,0.4021681790417112,33,539.0
4710.0,30,367.0,5.242857142857143,4.831872474460086,18,418.0,0.2763993281351972,12,163.0,0.3478569981259637,30,581.0
4715.0,24,377.0,5.385714285714286,4.523853497542853,15,432.0,0.17355772170551803,9,151.0,0.34843784713807524,24,583.0
4720.0,26,288.0,3.891891891891892,4.502111394586845,13,377.0,0.1769202170900298,13,179.0,0.22999609602853466,26,556.0
4725.0,28,282.0,3.76,5.047334255184433,13,361.0,0.26883149391137967,15,207.0,0.20288279676405632,28,568.0
4730.0,35,359.0,5.128571428571429,4.4391561622255375,21,386.0,0.2404264092713275,14,258.0,0.2256805871069915,35,644.0
4735.0,35,437.0,6.522388059701493,3.7803807429624885,22,436.0,0.16642231604822938,13,277.0,0.2887931297306676,35,713.0
4740.0,34,456.0,6.8059701492537314,3.518214612458209,23,481.0,0.081052205188962,11,290.0,0.31326206467612755,34,771.0
4745.0,33,488.0,7.072463768115942,4.516169390880725,21,510.0,0.19283230468317017,12,292.0,0.32687621905049247,33,802.0
4750.0,29,392.0,5.681159420289855,4.338264538192329,15,464.0,0.25116220192221456,14,303.0,0.1826781930783004,29,767.0
4755.0,29,417.0,6.223880597014926,4.801196103538967,15,444.0,0.22077211333426827,14,274.0,0.300970951108879,29,718.0
4760.0,24,341.0,5.166666666666667,5.156072829343959,12,397.0,0.23197502154221486,12,292.0,0.3107148714822036,24,689.0
4765.0,27,400.0,5.882352941176471,5.435450328545607,16,392.0,0.1588321839012607,11,275.0,0.42085832309966853,27,667.0
4770.0,31,447.0,6.984375,4.703202932879633,17,458.0,0.19871816940774792,14,277.0,0.2807102048437887,31,735.0
4775.0,24,493.0,8.081967213114755,5.114874606663751,11,483.0,0.31759109369022775,13,258.0,0.22676265497527404,24,741.0
4780.0,27,457.0,7.879310344827586,4.081507136119283,13,483.0,0.26669504905339986,14,272.0,0.10786591270421732,27,755.0
4785.0,28,381.0,6.4576271186440675,4.878152725481969,13,448.0,0.35387336482712606,15,281.0,0.17819242677355931,28,729.0
4790.0,27,404.0,7.214285714285714,4.222645941083335,14,412.0,0.30671304669419397,13,292.0,0.25912005959735934,27,704.0
4795.0,24,451.0,7.775862068965517,4.632615464223854,13,448.0,0.21177322941783835,11,285.0,0.3656016491361875,24,733.0
4800.0,23,442.0,7.491525423728813,4.634522796932762,11,451.0,0.16872509703178623,12,280.0,0.24481966339692543,23,731.0
4805.0,23,354.0,5.9,4.708950514157551,10,413.0,0.23559610489742158,13,249.0,0.196407207161202,23,662.0
4810.0,26,297.0,4.868852459016393,4.968628285897166,12,322.0,0.24078325913975088,14,275.0,0.2764462713069491,26,597.0
4815.0,27,350.0,5.833333333333333,4.801808680628904,12,365.0,0.24583295119672904,15,279.0,0.36691187078093634,27,644.0
4820.0,21,361.0,6.11864406779661,4.890350048673953,9,378.0,0.3284619244330684,12,296.0,0.2787973324988683,21,674.0
4825.0,22,391.0,6.516666666666667,5.368487404898442,8,370.0,0.44063814468789236,14,287.0,0.1775814097510318,22,657.0
4830.0,23,457.0,7.745762711864407,5.325191365305319,10,382.0,0.3640482274528927,13,307.0,0.1876868022034011,23,689.0
4835.0,29,492.0,8.631578947368421,4.88104118342175,13,362.0,0.1852725484793489,16,345.0,0.27170858080021776,29,707.0
4840.0,28,406.0,7.25,4.881879246772527,15,281.0,0.17253310624710982,13,309.0,0.343823489230526,28,590.0
4845.0,26,432.0,7.578947368421052,4.661856599213461,13,317.0,0.13453771959751087,13,264.0,0.3645413116390426,26,581.0
4850.0,21,407.0,7.140350877192983,5.036941613517361,7,294.0,0.2854625133817483,14,279.0,0.2335709185051589,21,573.0
4855.0,21,217.0,3.7413793103448274,4.851001844233864,5,193.0,0.3395542732606386,16,295.0,0.09726682125462004,21,488.0
4860.0,28,316.0,5.180327868852459,5.056362821362911,11,205.0,0.3748601811006951,17,359.0,0.15985320700420008,28,564.0
4865.0,25,369.0,5.857142857142857,4.892813651578194,11,228.0,0.41589474387173103,14,423.0,0.18131644662579718,25,651.0
4870.0,20,274.0,4.2153846153846155,5.758603400192431,7,200.0,0.4929923817542751,13,404.0,0.22501563516615486,20,604.0
4875.0,19,234.0,3.5454545454545454,5.879464993442629,8,221.0,0.38217390573152077,11,326.0,0.27021262057100165,19,547.0
4880.0,27,331.0,4.867647058823529,5.254667755519547,14,280.0,0.26583753799475696,13,364.0,0.21464447299480668,27,644.0
4885.0,32,333.0,5.045454545454546,4.983653213572219,17,275.0,0.2824962030256269,15,400.0,0.24291572504104175,32,675.0
4890.0,27,404.0,6.412698412698413,4.298016552215165,14,317.0,0.24633419040763055,13,410.0,0.22920127462480924,27,727.0
4895.0,28,431.0,6.841269841269841,3.9289586414102753,17,347.0,0.1442352779905289,11,393.0,0.2773999212409252,28,740.0
4900.0,26,440.0,6.875,4.914346300136197,14,335.0,0.24915465113691657,12,418.0,0.22519068545297927,26,753.0
4905.0,25,376.0,5.696969696969697,5.30458005537091,11,237.0,0.3182622166276038,14,425.0,0.23945623886166711,25,662.0
4910.0,26,445.0,6.846153846153846,5.4675092891167845,12,225.0,0.3418278447435462,14,475.0,0.2936286797028759,26,700.0
4915.0,27,478.0,7.46875,4.919274526777723,14,250.0,0.30116712240472676,13,500.0,0.3075073931973765,27,750.0
4920.0,30,479.0,6.942028985507246,5.154901401367396,16,271.0,0.30894930749736904,14,476.0,0.263069096599054,30,747.0
4925.0,29,344.0,4.648648648648648,5.497813711004863,16,294.0,0.3463267780518816,13,373.0,0.267749705599361,29,667.0
4930.0,27,335.0,4.407894736842105,5.546467052020583,14,275.0,0.3424028863352495,13,386.0,0.3120938439656808,27,661.0
4935.0,30,332.0,4.311688311688312,4.876352391337704,14,262.0,0.3141165441100764,16,430.0,0.2765361216119716,30,692.0
4940.0,36,393.0,5.171052631578948,4.78845116449352,18,270.0,0.3250322390609369,18,479.0,0.2597099252917583,36,749.0
4945.0,37,397.0,5.025316455696203,4.0854614069095785,21,294.0,0.16012074541677224,16,484.0,0.2906279257348939,37,778.0
4950.0,35,470.0,6.184210526315789,4.221904668844048,23,362.0,0.12049990282149425,12,507.0,0.28758425093180123,35,869.0
4955.0,37,574.0,7.552631578947368,3.85201259555446,22,406.0,0.16826321372457403,15,552.0,0.19014815894647308,37,958.0
4960.0,36,549.0,7.52054794520548,4.201392348314783,16,406.0,0.2335203648899319,20,528.0,0.1489282603574449,36,934.0
4965.0,32,539.0,7.486111111111111,3.925469125462911,13,425.0,0.23506244487745956,19,482.0,0.13263467350824004,32,907.0
4970.0,36,634.0,8.342105263157896,4.461505676361214,18,452.0,0.2644677393324555,18,534.0,0.23217880608318076,36,986.0
4975.0,31,527.0,6.8441558441558445,4.826468601373143,21,477.0,0.22009474637625712,10,523.0,0.3425641711450354,31,1000.0
4980.0,31,591.0,7.675324675324675,4.753547289780171,21,477.0,0.11799565713279521,10,509.0,0.3917057287906198,31,986.0
4985.0,33,664.0,7.904761904761905,4.9909054284813505,22,523.0,0.1872745028741059,11,505.0,0.346126348188144,33,1028.0
4990.0,33,652.0,7.855421686746988,5.4116423355009475,16,500.0,0.2521661937357173,17,523.0,0.3108632225721354,33,1023.0
4995.0,31,670.0,8.7012987012987,4.1513580655463,14,489.0,0.24063962404005798,17,561.0,0.19024520839666023,31,1050.0
5000.0,31,615.0,7.5,4.495947523531032,15,458.0,0.15440240030077876,16,573.0,0.24626815130909777,31,1031.0
5005.0,34,569.0,6.939024390243903,4.321226808674362,19,460.0,0.10870068141814118,15,532.0,0.31765419232758213,34,992.0
5010.0,37,446.0,5.373493975903615,4.428185036513056,21,497.0,0.1388692492139489,16,395.0,0.3391993251249807,37,892.0
5015.0,35,505.0,6.644736842105263,4.032750854380958,15,474.0,0.22221037135969018,20,361.0,0.21225068906994426,35,835.0
5020.0,36,609.0,7.909090909090909,3.6165432381282896,12,459.0,0.2817814398067926,24,431.0,0.14283793017825605,36,890.0
5025.0,34,595.0,7.4375,3.932768734595726,14,456.0,0.2034028329227475,20,465.0,0.19261155922110146,34,921.0
5030.0,33,489.0,6.1125,4.605021537400612,17,452.0,0.11485891502803934,16,444.0,0.3392724857535612,33,896.0
5035.0,39,597.0,7.107142857142857,4.556300716377505,19,510.0,0.2003143150729705,20,464.0,0.30906998145669295,39,974.0
5040.0,39,668.0,8.146341463414634,4.205353323665584,14,515.0,0.30120796899428653,25,522.0,0.18860294644350345,39,1037.0
5045.0,38,605.0,7.289156626506024,4.635945888331541,10,426.0,0.4090337241166683,28,592.0,0.15018060340873315,38,1018.0
5050.0,37,708.0,8.53012048192771,4.474765434723384,11,395.0,0.28923821156789636,26,676.0,0.20222356753529805,37,1071.0
5055.0,39,708.0,9.076923076923077,3.8190625316804536,16,403.0,0.19146032751387645,23,685.0,0.1966070258648593,39,1088.0
5060.0,40,712.0,9.128205128205128,3.388019316731012,17,378.0,0.18910019289151206,23,725.0,0.16061516390220956,40,1103.0
5065.0,44,830.0,10.64102564102564,3.753956403578535,18,432.0,0.26789597652500313,26,776.0,0.13895995378582615,44,1208.0
5070.0,39,722.0,9.376623376623376,3.77625069013006,13,429.0,0.330812604489936,26,791.0,0.10693003916000685,39,1220.0
5075.0,31,460.0,5.75,4.058391617316552,9,377.0,0.33178389187812746,22,711.0,0.08522117091017344,31,1088.0
5080.0,38,469.0,5.790123456790123,4.330020033150657,17,332.0,0.2794852503417591,21,757.0,0.16069137544223908,38,1089.0
5085.0,41,500.0,6.172839506172839,4.241160054762827,21,384.0,0.2510979106652502,20,777.0,0.2414807389601135,41,1161.0
5090.0,33,522.0,6.444444444444445,4.085386448872095,14,387.0,0.22116441889025043,19,796.0,0.2278881999211101,33,1183.0
5095.0,34,409.0,5.1125,4.493430023745923,17,398.0,0.21695327194242134,17,746.0,0.21509692673646397,34,1144.0
5100.0,37,489.0,6.1125,4.12957927294199,20,429.0,0.13100511019873126,17,743.0,0.20422532688423625,37,1172.0
5105.0,42,516.0,6.701298701298701,3.6187508108442876,22,429.0,0.1251609180103088,20,701.0,0.1852134902904622,42,1130.0
5110.0,42,574.0,7.454545454545454,4.063281658070601,20,431.0,0.2825603322415667,22,709.0,0.18908150907963622,42,1140.0
5115.0,41,659.0,8.2375,3.5381385027517482,17,467.0,0.2788821277000875,24,746.0,0.15312026629292286,41,1213.0
5120.0,31,584.0,7.3924050632911396,4.118053677655464,14,439.0,0.2224892013383887,17,718.0,0.20022095571207846,31,1157.0
5125.0,27,466.0,5.89873417721519,3.8933474994300576,12,430.0,0.19868682049031816,15,693.0,0.18334879940970403,27,1123.0
5130.0,37,482.0,5.878048780487805,4.060198717513102,19,430.0,0.20551862913873917,18,659.0,0.15815234685822002,37,1089.0
5135.0,42,592.0,7.7894736842105265,3.4039318285670577,22,476.0,0.13757589598909153,20,690.0,0.20364457362200125,42,1166.0
5140.0,38,677.0,9.535211267605634,3.196077636787577,16,472.0,0.15584625908994543,22,725.0,0.12544703437354118,38,1197.0
5145.0,35,654.0,8.95890410958904,3.196850365393418,11,453.0,0.23708855664245598,24,764.0,0.04670480867700468,35,1217.0
5150.0,30,623.0,8.652777777777779,4.2623927062669,14,445.0,0.17865463576455123,16,713.0,0.21116230813248163,30,1158.0
5155.0,32,708.0,9.698630136986301,5.0436805987895275,17,479.0,0.1412771512833176,15,683.0,0.35014946160201954,32,1162.0
5160.0,27,728.0,10.55072463768116,4.873659489558451,14,488.0,0.14203285057845755,13,630.0,0.2636116136539672,27,1118.0
5165.0,25,666.0,9.652173913043478,5.008058814703824,10,451.0,0.25590580769355853,15,597.0,0.18459930701324523,25,1048.0
5170.0,30,622.0,9.147058823529411,3.9220117771564644,14,433.0,0.19608814435809435,16,636.0,0.2078335980766621,30,1069.0
5175.0,28,618.0,9.363636363636363,4.405018113649621,16,460.0,0.1617374358159231,12,640.0,0.3359606922597154,28,1100.0
5180.0,27,335.0,5.153846153846154,5.094777111813268,19,481.0,0.1545860530156655,8,454.0,0.38751203626865827,27,935.0
5185.0,28,377.0,5.626865671641791,5.537435491746539,16,484.0,0.31776598119092825,12,253.0,0.2791802168394973,28,737.0
5190.0,35,472.0,7.151515151515151,4.97149832586636,16,428.0,0.35005423294606375,19,292.0,0.20376240167539095,35,720.0
5195.0,31,477.0,7.453125,3.615665147418487,14,426.0,0.2848835528537316,17,340.0,0.190388136963822,31,766.0
5200.0,28,343.0,5.119402985074627,3.4776616817678128,10,336.0,0.21744156971759218,18,388.0,0.17648230001882997,28,724.0
5205.0,23,365.0,5.367647058823529,5.052862564538929,9,266.0,0.2955128894060078,14,385.0,0.1993803138106517,23,651.0
5210.0,22,320.0,4.444444444444445,5.189504026830719,8,195.0,0.3225220799725095,14,415.0,0.1713023504070609,22,610.0
5215.0,33,456.0,6.333333333333333,5.377708213902589,12,221.0,0.3229558165669781,21,480.0,0.2796765240419939,33,701.0
5220.0,34,456.0,6.422535211267606,4.565273517124051,15,258.0,0.24365308787260223,19,456.0,0.33501460768007757,34,714.0
5225.0,27,446.0,6.027027027027027,5.039745102205105,10,268.0,0.28485989133701717,17,457.0,0.34097982286657946,27,725.0
5230.0,28,410.0,5.466666666666667,4.657864390605262,9,232.0,0.2529032591858834,19,485.0,0.3145012059590588,28,717.0
5235.0,36,481.0,6.5,4.361044216117294,16,258.0,0.12374355205701643,20,469.0,0.29916504586749504,36,727.0
5240.0,42,556.0,7.616438356164384,2.7848099426087107,20,320.0,0.04372700214048721,22,496.0,0.13090634879610713,42,816.0
5245.0,38,517.0,7.082191780821918,3.6812624340770173,12,336.0,0.1888315044168534,26,512.0,0.11943175441730922,38,848.0
5250.0,32,538.0,7.685714285714286,4.134837026733666,10,372.0,0.33711660995774323,22,581.0,0.09544476030147439,32,953.0
5255.0,37,641.0,8.902777777777779,3.7235008057825305,16,441.0,0.24879131192338472,21,621.0,0.08928351115331215,37,1062.0
5260.0,39,571.0,7.930555555555555,3.759198873540631,18,398.0,0.2761096508424913,21,642.0,0.13886198085759446,39,1040.0
5265.0,37,523.0,7.164383561643835,4.443400660769193,17,348.0,0.30352556405749476,20,645.0,0.18167614860025413,37,993.0
5270.0,37,531.0,7.47887323943662,4.296027835736295,20,387.0,0.2540610212368922,17,650.0,0.2291312798908678,37,1037.0
5275.0,30,420.0,6.086956521739131,4.627907496261106,13,362.0,0.22543526939485106,17,601.0,0.1974339382272555,30,963.0
5280.0,24,344.0,5.0588235294117645,3.9223472531802352,9,293.0,0.15774317465511511,15,637.0,0.15986630205676663,24,930.0
5285.0,29,403.0,5.840579710144928,4.998844374844173,12,273.0,0.188102676045373,17,649.0,0.25159478555039494,29,922.0
5290.0,31,486.0,7.363636363636363,4.877158101635835,17,297.0,0.2468461687248197,14,664.0,0.301878142665536,31,961.0
5295.0,33,619.0,9.238805970149254,5.130556577042058,18,357.0,0.19137593509629694,15,674.0,0.358606230292762,33,1031.0
5300.0,30,615.0,9.609375,4.9203125319842185,16,369.0,0.1524697771359885,14,651.0,0.35231661335669023,30,1020.0
5305.0,21,358.0,5.868852459016393,5.8232022591849155,9,313.0,0.29945069726106815,12,549.0,0.34544783058787376,21,862.0
5310.0,17,335.0,6.090909090909091,5.246330252648252,4,251.0,0.33814527221897106,13,463.0,0.25481478872830193,17,714.0
5315.0,27,449.0,7.610169491525424,4.637887641000068,11,286.0,0.24679021800256978,16,425.0,0.21037028266968863,27,711.0
5320.0,27,336.0,5.694915254237288,4.626425872027024,14,254.0,0.2576664618451236,13,401.0,0.24535490134690455,27,655.0
5325.0,29,386.0,6.771929824561403,4.75310160453435,15,282.0,0.23679057363891826,14,332.0,0.314290293788989,29,614.0
5330.0,28,335.0,5.583333333333333,3.7344058763854924,16,287.0,0.19858388971796323,12,322.0,0.2518500806614275,28,609.0
5335.0,25,306.0,4.857142857142857,4.822119279789992,9,220.0,0.3373669254903654,16,316.0,0.19897176502221703,25,536.0
5340.0,21,338.0,4.828571428571428,5.973602658045262,5,163.0,0.44898859457968565,16,333.0,0.22540316523636242,21,496.0
5345.0,19,387.0,5.450704225352113,6.510178334317786,3,154.0,0.4540409888266128,16,376.0,0.2612048175258174,19,530.0
5350.0,25,325.0,4.7101449275362315,5.9013778562396855,12,174.0,0.41267810120396176,13,365.0,0.2865590296544959,25,539.0
5355.0,25,249.0,3.890625,4.438728689683687,17,205.0,0.21636600316738477,8,249.0,0.28940075475494315,25,454.0
5360.0,25,257.0,4.508771929824562,3.914588886050273,17,218.0,0.09732879486685815,8,188.0,0.3067661128798724,25,406.0
5365.0,18,178.0,3.1785714285714284,5.062785226499952,9,190.0,0.27390456314257394,9,166.0,0.18729027844584883,18,356.0
5370.0,22,192.0,3.4909090909090907,5.091730266235715,11,187.0,0.27527387920684127,11,180.0,0.19153010361447798,22,367.0
5375.0,25,213.0,4.26,4.9031931395757145,15,191.0,0.22287353334567506,10,197.0,0.3496874056703666,25,388.0
5380.0,25,284.0,5.461538461538462,4.590763832242281,19,260.0,0.2166902358295319,6,185.0,0.32587631688482777,25,445.0
5385.0,24,314.0,6.1568627450980395,5.110112311666727,17,299.0,0.18623599274020364,7,153.0,0.41084814675753617,24,452.0
5390.0,23,347.0,7.081632653061225,4.8516144761269215,18,351.0,0.10190127744998746,5,137.0,0.47966746933001303,23,488.0
5395.0,22,353.0,6.788461538461538,4.931361513287191,15,377.0,0.19781266332528516,7,139.0,0.34746234932347136,22,516.0
5400.0,14,178.0,3.358490566037736,6.143436456620845,7,303.0,0.3538454751719389,7,164.0,0.40099957671720665,14,467.0
5405.0,8,158.0,2.925925925925926,8.103914853789757,4,213.0,0.4529065498788659,4,160.0,0.5294682320390448,8,373.0
5410.0,6,89.0,1.7115384615384615,9.321346188046988,5,131.0,0.5146721863355019,1,70.0,0.6901492689421745,6,201.0
5415.0,11,134.0,2.627450980392157,8.119889738879895,6,125.0,0.41961756402728956,5,27.0,0.4521342527651772,11,152.0
5420.0,15,174.0,3.782608695652174,6.960760577467625,8,159.0,0.4037675444421616,7,38.0,0.2804059923576056,15,197.0
5425.0,16,181.0,3.851063829787234,6.470388324439835,7,141.0,0.39443499927140974,9,64.0,0.2904547084499614,16,205.0
5430.0,15,221.0,5.0227272727272725,6.355122592363286,8,156.0,0.31241339601428,7,94.0,0.44151875187785095,15,250.0
5435.0,15,201.0,4.1875,7.498796072774269,9,141.0,0.3932859373619592,6,111.0,0.5913786603428457,15,252.0
5440.0,15,177.0,3.4705882352941178,7.071777183123934,8,116.0,0.4258000884959423,7,112.0,0.5285408542495769,15,228.0
5445.0,14,199.0,3.9019607843137254,6.345234245305925,5,124.0,0.4216516743445426,9,151.0,0.40987191580425864,14,275.0
5450.0,15,119.0,2.2884615384615383,5.963597004186116,5,106.0,0.47313594692327143,10,137.0,0.2700653702600131,15,243.0
5455.0,17,156.0,2.888888888888889,5.4236854822835365,7,108.0,0.2939071212255146,10,97.0,0.22890112530663917,17,205.0
5460.0,19,202.0,3.607142857142857,6.071825028296371,10,129.0,0.24688565269534019,9,124.0,0.34761940444465533,19,253.0
5465.0,20,260.0,4.642857142857143,6.326265503881548,9,164.0,0.3504909651216971,11,147.0,0.39839195688944185,20,311.0
5470.0,17,219.0,4.132075471698113,6.851861081085201,8,157.0,0.4678228105126826,9,142.0,0.3932763774003277,17,299.0
5475.0,22,236.0,4.290909090909091,5.922299862623413,9,137.0,0.3728153188264869,13,149.0,0.2776251564386834,22,286.0
5480.0,24,285.0,4.913793103448276,5.659139183754773,11,173.0,0.28426098929210747,13,181.0,0.31189924579921685,24,354.0
5485.0,21,305.0,5.545454545454546,6.091827558810265,13,218.0,0.2931765878884414,8,161.0,0.38123206439648577,21,379.0
5490.0,19,259.0,4.709090909090909,5.320203187891081,10,241.0,0.26167352587314757,9,142.0,0.36892142695338725,19,383.0
5495.0,22,264.0,4.8,5.066254746293027,11,249.0,0.26912697971884847,11,146.0,0.2856146679043444,22,395.0
5500.0,22,263.0,4.696428571428571,5.537011231628983,12,242.0,0.3572137347398783,10,160.0,0.2624798887595947,22,402.0
5505.0,25,218.0,3.694915254237288,6.1758317870660795,12,199.0,0.43624850680282035,13,170.0,0.2586175984607476,25,369.0
5510.0,19,216.0,3.6610169491525424,6.1540270140505395,9,186.0,0.42609376928629306,10,174.0,0.34265475710165316,19,360.0
5515.0,17,187.0,3.169491525423729,5.873647210079865,11,206.0,0.2995916299584621,6,127.0,0.45194255995241844,17,333.0
5520.0,22,232.0,4.0,5.719683478318431,16,254.0,0.280418780784362,6,107.0,0.4710926567034403,22,361.0
5525.0,27,286.0,4.766666666666667,5.643286426759048,21,307.0,0.2571789128509067,6,108.0,0.4559264932959386,27,415.0
5530.0,25,330.0,5.7894736842105265,5.532766790351038,18,322.0,0.2883356970147414,7,136.0,0.36089584694081195,25,458.0
5535.0,23,268.0,4.785714285714286,4.705343058587884,16,355.0,0.25291303761599665,7,113.0,0.35662593935836207,23,468.0
5540.0,22,225.0,4.017857142857143,4.705227487206195,14,345.0,0.2364024135515444,8,100.0,0.3349090271993721,22,445.0
5545.0,19,199.0,3.491228070175439,4.855145911994276,12,348.0,0.2504418485585087,7,92.0,0.2952835227475122,19,440.0
5550.0,22,249.0,4.15,5.9213546728346715,19,394.0,0.13773528370855412,3,68.0,0.5831901636767992,22,462.0
5555.0,23,304.0,5.241379310344827,6.074207806545404,20,431.0,0.11376267933103008,3,65.0,0.7248742141591367,23,496.0
5560.0,26,371.0,5.983870967741935,6.136887199836398,21,442.0,0.11967984699116926,5,86.0,0.5759398406142867,26,528.0
5565.0,24,312.0,5.032258064516129,5.312435225706375,18,460.0,0.22456347102246527,6,50.0,0.3898562917628489,24,510.0
5570.0,26,364.0,5.870967741935484,6.00622985162249,17,448.0,0.3748312864846908,9,81.0,0.3760481507251633,26,529.0
5575.0,24,365.0,5.7936507936507935,5.548496850365733,14,439.0,0.361530206693494,10,119.0,0.39652224765995453,24,558.0
5580.0,20,221.0,3.683333333333333,4.962409498536074,11,338.0,0.25417888504338404,9,142.0,0.38030300109098314,20,480.0
5585.0,22,269.0,4.138461538461539,4.4456191312150235,14,282.0,0.22933074416914803,8,150.0,0.24731129665885093,22,432.0
5590.0,19,305.0,4.765625,5.738366244457939,11,246.0,0.28208337806930317,8,143.0,0.297165251076636,19,389.0
5595.0,20,354.0,5.53125,5.612959595244551,14,283.0,0.1887703553003289,6,160.0,0.4071392845578298,20,443.0
5600.0,25,442.0,6.90625,4.9452348320580795,17,324.0,0.16954155911164212,8,188.0,0.3685481478757281,25,512.0
5605.0,18,344.0,5.830508474576271,6.13014857043953,12,368.0,0.2870041174601469,6,131.0,0.4766394757603121,18,499.0
5610.0,19,297.0,5.033898305084746,5.544172559089793,12,332.0,0.2588061531565447,7,95.0,0.32672129898076585,19,427.0
5615.0,19,266.0,4.433333333333334,5.08805738406545,14,304.0,0.24554879384571532,5,95.0,0.2410176163445722,19,399.0
5620.0,26,330.0,5.892857142857143,4.786920143954931,19,364.0,0.1646708850774599,7,76.0,0.3579260743104024,26,440.0
5625.0,17,346.0,6.407407407407407,5.553271099266174,12,382.0,0.20754000829153782,5,96.0,0.33220054135855537,17,478.0
5630.0,18,417.0,7.867924528301887,6.984027000179363,10,394.0,0.318231470208244,8,123.0,0.3120440243410881,18,517.0
5635.0,12,200.0,4.0,6.144787584283287,8,310.0,0.28188954604058686,4,78.0,0.3258065693258442,12,388.0
5640.0,19,269.0,5.977777777777778,5.29761415472167,14,287.0,0.22081601229428058,5,81.0,0.3278257728438192,19,368.0
5645.0,18,296.0,6.7272727272727275,5.208674436226234,14,332.0,0.24198159843195183,4,81.0,0.4683360843736978,18,413.0
5650.0,12,312.0,6.36734693877551,7.159991977076759,9,337.0,0.30324002028369973,3,55.0,0.653977012098023,12,392.0
5655.0,11,190.0,3.7254901960784315,6.975476036219486,9,267.0,0.2925171212085764,2,55.0,0.591898658858243,11,322.0
5660.0,20,248.0,4.592592592592593,7.368945179839619,15,252.0,0.3181007240538595,5,65.0,0.6117480192051136,20,317.0
5665.0,19,241.0,4.547169811320755,6.289824362820063,12,242.0,0.3411700591858925,7,91.0,0.443921464499173,19,333.0
5670.0,17,213.0,4.176470588235294,4.960386979957689,11,212.0,0.2752712547604837,6,96.0,0.3825826694917676,17,308.0
5675.0,18,225.0,4.326923076923077,5.395349208211699,12,232.0,0.221555026816916,6,91.0,0.48391335328277496,18,323.0
5680.0,16,200.0,3.7735849056603774,6.168952829973749,11,204.0,0.22052495828962856,5,105.0,0.4826875524350642,16,309.0
5685.0,17,238.0,4.76,5.8757858960477005,10,224.0,0.29103883180697704,7,130.0,0.2956498853287786,17,354.0
5690.0,23,249.0,4.98,4.64782934755699,15,252.0,0.15860012454476144,8,134.0,0.23845770714089343,23,386.0
5695.0,23,333.0,6.9375,4.567902212177727,14,288.0,0.1901109182645408,9,163.0,0.33917928475464443,23,451.0
5700.0,17,325.0,6.63265306122449,5.88625420681304,11,271.0,0.38012724290553834,6,167.0,0.3258593047257185,17,438.0
5705.0,15,329.0,6.714285714285714,6.326929570665193,10,266.0,0.33040023843969807,5,147.0,0.3277773474826547,15,413.0
5710.0,18,202.0,3.9607843137254903,6.102096137813479,13,254.0,0.1325408690142657,5,62.0,0.4164690219177158,18,316.0
5715.0,20,250.0,4.901960784313726,5.937630989215783,15,302.0,0.12503060255300455,5,46.0,0.5622640379224048,20,348.0
5720.0,18,295.0,6.413043478260869,6.913101954099011,12,316.0,0.3158003460113793,6,73.0,0.5148303431827276,18,389.0
5725.0,16,214.0,4.7555555555555555,5.373955036895429,9,240.0,0.3230363359422893,7,103.0,0.12989572043513065,16,343.0
5730.0,17,209.0,4.446808510638298,5.912525049103138,10,225.0,0.2916202658474566,7,97.0,0.29462881387423934,17,322.0
5735.0,20,230.0,5.111111111111111,6.167719717890077,12,240.0,0.2773461162832559,8,105.0,0.5243587881037063,20,345.0
5740.0,15,213.0,4.531914893617022,6.519740564844178,11,234.0,0.37470345017919454,4,74.0,0.5552543928341167,15,308.0
5745.0,15,173.0,3.6041666666666665,6.077070201459764,10,235.0,0.30473104837109094,5,43.0,0.5132362751378909,15,278.0
5750.0,13,186.0,3.795918367346939,6.884461412008057,7,196.0,0.3424193575584319,6,68.0,0.37497316219315935,13,264.0
5755.0,11,184.0,3.8333333333333335,6.802165870636568,7,221.0,0.27395547574946727,4,55.0,0.35112196015004143,11,276.0
5760.0,18,258.0,5.26530612244898,6.898276376476382,11,263.0,0.3117556186487023,7,67.0,0.43920230559514895,18,330.0
5765.0,12,255.0,5.204081632653061,6.909028043313863,8,277.0,0.3719902039154703,4,68.0,0.5502891469652813,12,345.0
5770.0,14,305.0,5.980392156862745,7.634561212272118,9,288.0,0.38927592896735924,5,70.0,0.5885765013182606,14,358.0
5775.0,14,269.0,5.173076923076923,5.9572002942200175,8,268.0,0.3382994018772416,6,69.0,0.347025442767026,14,337.0
5780.0,23,366.0,6.310344827586207,6.433189250896998,12,320.0,0.3805218660263663,11,105.0,0.31461995807061227,23,425.0
5785.0,23,367.0,6.553571428571429,5.791802872420577,13,367.0,0.3707312784250545,10,111.0,0.31299553823428106,23,478.0
5790.0,22,407.0,7.537037037037037,5.262810691429,13,393.0,0.2406437039300076,9,103.0,0.3640727097349861,22,496.0
5795.0,22,392.0,7.0,4.002301035467019,14,426.0,0.11829159215945226,8,107.0,0.25591433238924455,22,533.0
5800.0,23,442.0,7.620689655172414,5.559990073909524,13,430.0,0.25092412183072826,10,118.0,0.27769680652266016,23,548.0
5805.0,21,317.0,5.4655172413793105,5.862313224269081,13,349.0,0.30774465325401573,8,138.0,0.2719438488714437,21,487.0
5810.0,18,264.0,4.551724137931035,6.647041253401484,12,222.0,0.3083397513818805,6,151.0,0.3861135011409634,18,373.0
5815.0,24,321.0,5.631578947368421,6.106349682109125,16,238.0,0.3089296740106257,8,138.0,0.3654710387617581,24,376.0
5820.0,22,384.0,6.508474576271187,5.490234023945535,14,265.0,0.1932398440586833,8,177.0,0.47884211108838126,22,442.0
5825.0,20,307.0,5.293103448275862,5.9278009658204365,12,272.0,0.2832789623733404,8,132.0,0.43745437041505886,20,404.0
5830.0,22,366.0,6.203389830508475,5.874260985807395,13,322.0,0.3209584498433306,9,99.0,0.2918468472511055,22,421.0
5835.0,29,443.0,7.383333333333334,5.500481716922908,20,397.0,0.25351718692160785,9,119.0,0.34584140031440824,29,516.0
5840.0,26,431.0,7.065573770491803,4.575049532879198,19,451.0,0.11881853118437959,7,105.0,0.4093755991874878,26,556.0
5845.0,26,527.0,8.783333333333333,4.56196513426443,20,508.0,0.1655771312085855,6,126.0,0.35701429914081656,26,634.0
5850.0,30,561.0,8.63076923076923,5.513021964713441,20,547.0,0.2730105180306671,10,159.0,0.4042148989006236,30,706.0
5855.0,27,428.0,6.294117647058823,5.085167019349526,18,515.0,0.31008454477281766,9,180.0,0.3470695893686092,27,695.0
5860.0,25,467.0,7.184615384615385,4.854692752579866,17,496.0,0.25803113345057926,8,176.0,0.3623015062159658,25,672.0
5865.0,25,393.0,5.695652173913044,4.112043866907162,16,498.0,0.15647914855953318,9,179.0,0.3452623116270522,25,677.0
5870.0,30,373.0,5.253521126760563,4.352958960010094,16,440.0,0.2232661958329334,14,210.0,0.2283813849791011,30,650.0
5875.0,31,379.0,5.338028169014085,3.8526332212555325,15,422.0,0.26088170987652165,16,260.0,0.12095206470951834,31,682.0
5880.0,33,481.0,6.971014492753623,4.358982631744472,22,476.0,0.1290906567830461,11,293.0,0.2028546291177956,33,769.0
5885.0,31,511.0,7.861538461538461,4.06563902212471,24,509.0,0.05154492139514293,7,288.0,0.3045596514068783,31,797.0
5890.0,34,574.0,8.441176470588236,4.215942483211831,22,524.0,0.10619732477221935,12,302.0,0.22273777100734662,34,826.0
5895.0,29,594.0,8.865671641791044,4.293030857183192,13,525.0,0.23669270820279228,16,352.0,0.2738686090167927,29,877.0
5900.0,19,542.0,8.338461538461539,5.473132500642202,10,496.0,0.3197785421522802,9,361.0,0.3172982115755542,19,857.0
5905.0,21,214.0,3.1470588235294117,4.5368701682030625,14,465.0,0.2022054031551698,7,222.0,0.2665153767356334,21,687.0
5910.0,30,172.0,2.4571428571428573,5.0169119917155705,20,420.0,0.2554426904743383,10,157.0,0.26766109266188753,30,577.0
5915.0,34,271.0,3.927536231884058,4.652147983645023,20,466.0,0.30626484058430065,14,188.0,0.28853158609165613,34,654.0
5920.0,25,280.0,4.3076923076923075,4.510857879831942,17,465.0,0.18161945336301635,8,178.0,0.38003203022291493,25,643.0
5925.0,29,273.0,4.2,3.664325594057782,18,479.0,0.08031343686731598,11,205.0,0.2821648900241501,29,684.0
5930.0,28,259.0,3.9242424242424243,3.7020101189478862,13,435.0,0.15811153082640214,15,246.0,0.15289117323542886,28,681.0
5935.0,31,351.0,5.2388059701492535,4.111823536526711,13,418.0,0.28944172089116593,18,289.0,0.1420970527703833,31,707.0
5940.0,25,389.0,5.893939393939394,4.97849402026254,13,432.0,0.2570613687377487,12,299.0,0.2251848105331823,25,731.0
5945.0,22,349.0,5.629032258064516,4.543050835860763,13,413.0,0.16056006766272063,9,267.0,0.28946596387833307,22,680.0
5950.0,27,430.0,6.615384615384615,3.8950270784356684,12,440.0,0.186243683828333,15,311.0,0.17980626443680597,27,751.0
5955.0,26,504.0,8.4,4.512337301960292,10,440.0,0.27829500419941067,16,364.0,0.2466781297312764,26,804.0
5960.0,21,454.0,7.442622950819672,4.959410931334884,11,361.0,0.24077995576986821,10,370.0,0.28330224675450694,21,731.0
5965.0,27,501.0,8.21311475409836,4.379986707485578,17,394.0,0.12921537444253983,10,371.0,0.21601633760146527,27,765.0
5970.0,33,574.0,8.96875,4.205259310788826,17,456.0,0.1247769771575414,16,376.0,0.2181716874752759,33,832.0
5975.0,26,528.0,8.380952380952381,5.38414218635008,12,466.0,0.2892924418986652,14,354.0,0.29231040221277177,26,820.0
5980.0,26,485.0,7.698412698412699,5.465547867682048,11,460.0,0.3552594687969306,15,275.0,0.3184752215477819,26,735.0
5985.0,27,448.0,7.0,5.144473157575816,13,409.0,0.276457932830591,14,296.0,0.29342163257914905,27,705.0
5990.0,24,248.0,3.8153846153846156,5.254670025347563,13,328.0,0.24342765774373454,11,263.0,0.31995785150870965,24,591.0
5995.0,30,295.0,4.682539682539683,4.386563196964781,16,289.0,0.1386702600345344,14,301.0,0.26713438207960544,30,590.0
6000.0,30,359.0,5.885245901639344,4.27579991117784,14,315.0,0.2048145034868125,16,348.0,0.24323907894078978,30,663.0
6005.0,26,348.0,5.523809523809524,4.442883488115204,9,277.0,0.2817603989611771,17,357.0,0.20124983772605357,26,634.0
6010.0,28,407.0,6.564516129032258,4.832199530374085,7,229.0,0.4522087009674917,21,421.0,0.11694224026824554,28,650.0
6015.0,31,487.0,7.73015873015873,5.421416021679934,10,263.0,0.46437396182113166,21,480.0,0.16389593408530825,31,743.0
6020.0,27,417.0,6.725806451612903,5.460862418654794,9,247.0,0.41032584678152906,18,504.0,0.24589082445364535,27,751.0
6025.0,29,396.0,6.711864406779661,3.943043906331958,12,193.0,0.24962797925455812,17,494.0,0.22240890823626394,29,687.0
6030.0,24,274.0,4.6440677966101696,3.7344530737069603,13,211.0,0.19514792631863367,11,431.0,0.22385922722456916,24,642.0
6035.0,23,287.0,4.704918032786885,5.065920410983684,10,187.0,0.2490061220530561,13,440.0,0.27516171451106647,23,627.0
6040.0,23,276.0,4.380952380952381,4.773755821973048,9,210.0,0.26853462560844105,14,451.0,0.20457684962541095,23,661.0
6045.0,29,386.0,6.126984126984127,4.675315226662645,12,253.0,0.3807088262470805,17,464.0,0.15037890163911938,29,717.0
6050.0,24,369.0,6.254237288135593,4.560474405032581,12,267.0,0.32822568802220925,12,437.0,0.17042824692508474,24,704.0
6055.0,24,356.0,6.245614035087719,4.695728879738529,12,233.0,0.2900807038242643,12,430.0,0.2159705892248689,24,663.0
6060.0,26,324.0,5.4,4.162626976275965,12,249.0,0.22599625254090053,14,371.0,0.24628283517513141,26,620.0
6065.0,26,286.0,4.8474576271186445,4.954105407219863,11,226.0,0.31725420314960834,15,375.0,0.2780550021599802,26,601.0
6070.0,28,404.0,7.087719298245614,4.857478589863843,10,225.0,0.3537257604445712,18,417.0,0.16096739887975928,28,642.0
6075.0,26,446.0,7.311475409836065,5.2061750580898964,11,250.0,0.3624253514811743,15,450.0,0.2074161829260935,26,700.0
6080.0,22,410.0,6.721311475409836,5.422398540837302,10,260.0,0.28333964367848,12,424.0,0.3285636187532281,22,684.0
6085.0,23,403.0,6.2,5.773150194270246,13,304.0,0.16658343464935607,10,389.0,0.43191130826638496,23,693.0
6090.0,27,411.0,6.421875,5.589664645717287,14,349.0,0.2451135611365585,13,320.0,0.3673341795789515,27,669.0
6095.0,28,517.0,8.616666666666667,4.531594199730852,14,396.0,0.29920971308751193,14,347.0,0.2537468154666709,28,743.0
6100.0,26,519.0,8.796610169491526,4.012378390775938,12,399.0,0.21431998835707194,14,354.0,0.23487939157206938,26,753.0
6105.0,23,506.0,8.433333333333334,4.412153189865963,7,350.0,0.16542483439698574,16,373.0,0.27560965817177596,23,723.0
6110.0,22,344.0,5.639344262295082,5.033887188776804,5,201.0,0.3583222288702974,17,421.0,0.24684437474506232,22,622.0
6115.0,28,370.0,5.967741935483871,5.07559567455142,9,163.0,0.3883112995229269,19,459.0,0.24104060694823365,28,622.0
6120.0,28,456.0,7.354838709677419,4.917648817033622,7,163.0,0.4271947573642332,21,481.0,0.20407557489583716,28,644.0
6125.0,25,499.0,8.180327868852459,4.863965392284988,5,126.0,0.4883367982011555,20,544.0,0.146435901464763,25,670.0
6130.0,20,421.0,6.682539682539683,5.7911400851577834,4,94.0,0.5586155610559063,16,556.0,0.16935004922866378,20,650.0
6135.0,20,328.0,5.2063492063492065,5.945357025542636,7,83.0,0.4376852815175697,13,451.0,0.23217840791508057,20,534.0
6140.0,18,244.0,3.935483870967742,5.81018055236561,6,109.0,0.34375702908688194,12,361.0,0.2869078152637578,18,470.0
6145.0,19,305.0,4.841269841269841,5.539575412426496,6,118.0,0.46135601418346256,13,383.0,0.1896948848079153,19,501.0
6150.0,19,275.0,4.508196721311475,5.58468353274083,6,71.0,0.33952330875722325,13,381.0,0.2355910495232127,19,452.0
6155.0,22,274.0,4.491803278688525,5.921570435193094,10,88.0,0.28920650072297915,12,378.0,0.29142009675133934,22,466.0
6160.0,23,232.0,3.8666666666666667,4.984724247319639,11,119.0,0.227187890743767,12,342.0,0.2251798121263075,23,461.0
6165.0,26,313.0,5.131147540983607,5.084101975748864,12,167.0,0.32510521505420514,14,336.0,0.20291830619200832,26,503.0
6170.0,25,340.0,5.862068965517241,5.165048753682966,9,193.0,0.41351302812548946,16,334.0,0.25002635083415875,25,527.0
6175.0,23,323.0,5.568965517241379,5.093680560333367,6,148.0,0.46412697676675746,17,375.0,0.1862471441986897,23,523.0
6180.0,19,252.0,4.344827586206897,4.994750232929531,7,141.0,0.27811250644488733,12,360.0,0.20185702142179593,19,501.0
6185.0,24,258.0,4.526315789473684,4.407524917993983,12,120.0,0.10482838043279626,12,351.0,0.2144475503703053,24,471.0
6190.0,26,267.0,4.603448275862069,4.281826251535291,12,156.0,0.14014901969652283,14,337.0,0.2411427471093287,26,493.0
6195.0,18,301.0,5.375,5.13326487591933,8,166.0,0.36196940356422597,10,349.0,0.24943485057942041,18,515.0
6200.0,18,287.0,5.218181818181818,5.785764796418296,8,142.0,0.3443274718611991,10,328.0,0.2685145920433137,18,470.0
6205.0,23,375.0,6.578947368421052,5.915558220739445,11,178.0,0.3443040047466141,12,358.0,0.23574042395847658,23,536.0
6210.0,25,433.0,7.732142857142857,5.500839688739804,12,204.0,0.24775089251707053,13,371.0,0.2601564174002722,25,575.0
6215.0,23,318.0,6.235294117647059,4.854075086114803,12,215.0,0.2649699660498521,11,292.0,0.2688797272691787,23,507.0
6220.0,25,344.0,6.88,4.687531891492763,10,200.0,0.26660712314220003,15,286.0,0.29498548036701144,25,486.0
6225.0,25,387.0,7.30188679245283,4.994420571920455,12,235.0,0.2523692618502818,13,315.0,0.3472773625497383,25,550.0
6230.0,19,329.0,5.771929824561403,6.297010557661698,9,215.0,0.4130636194436504,10,293.0,0.34193474762595083,19,508.0
6235.0,17,276.0,4.842105263157895,6.602023781727547,4,123.0,0.47502555687707493,13,307.0,0.257499100348021,17,430.0
6240.0,17,239.0,4.120689655172414,5.427615301788186,5,120.0,0.27740901044216554,12,322.0,0.20093790007552872,17,442.0
6245.0,24,300.0,5.555555555555555,4.993368894105595,12,142.0,0.30276703816215617,12,349.0,0.24210664606015111,24,491.0
6250.0,19,337.0,6.3584905660377355,5.460283703682446,9,148.0,0.30579730080171236,10,356.0,0.312440084268555,19,504.0
6255.0,17,236.0,4.37037037037037,5.80912711974408,6,126.0,0.4120807040554541,11,290.0,0.24474134146908658,17,416.0
6260.0,21,190.0,3.2758620689655173,5.501056974181784,6,82.0,0.43548156594962445,15,237.0,0.11062735645145404,21,319.0
6265.0,21,268.0,4.5423728813559325,6.247150083545679,7,80.0,0.5605280704141823,14,289.0,0.16066335458945255,21,369.0
6270.0,19,297.0,5.4,6.261425819100621,7,92.0,0.4307831512862542,12,313.0,0.3043409721314451,19,405.0
6275.0,20,329.0,6.450980392156863,5.331873577679434,9,104.0,0.17869584830700933,11,317.0,0.3606214139806434,20,421.0
6280.0,22,288.0,5.538461538461538,4.212770067329275,12,130.0,0.1139972789842092,10,283.0,0.2584969053673885,22,413.0
6285.0,21,249.0,4.69811320754717,4.925769522803332,11,166.0,0.2924454191077399,10,243.0,0.2094154793060659,21,409.0
6290.0,25,294.0,5.547169811320755,5.786576455639105,10,182.0,0.46072171391559075,15,272.0,0.2222137740099877,25,454.0
6295.0,25,328.0,5.963636363636364,5.4225629476126365,11,178.0,0.4177289219854249,14,309.0,0.24642286210535955,25,487.0
6300.0,26,353.0,6.086206896551724,5.073366501771135,12,191.0,0.39000397207701104,14,324.0,0.2677939895877458,26,515.0
6305.0,25,330.0,5.5,4.536563250120877,13,199.0,0.330568417363362,12,326.0,0.24846094997319312,25,525.0
6310.0,22,257.0,3.953846153846154,5.306969733623585,14,215.0,0.2898629683921433,8,296.0,0.35540006618431447,22,511.0
6315.0,19,196.0,2.8405797101449277,5.3569501157671136,12,181.0,0.22112966242210408,7,263.0,0.3320299788252195,19,444.0
6320.0,25,198.0,2.75,4.855381143167426,15,229.0,0.13790917138295636,10,197.0,0.2945842703144864,25,426.0
6325.0,28,264.0,3.7714285714285714,5.112079055287616,17,281.0,0.22565993017698738,11,219.0,0.28664825446167663,28,500.0
6330.0,24,290.0,4.603174603174603,4.6152555730094535,17,322.0,0.17744108012540052,7,184.0,0.36047662301754224,24,506.0
6335.0,22,343.0,5.622950819672131,4.6687671910003825,12,325.0,0.16354470165185087,10,178.0,0.2683063701865089,22,503.0
6340.0,23,339.0,5.557377049180328,4.904458278444963,13,318.0,0.18067264417121887,10,181.0,0.244228860206906,23,499.0
6345.0,28,360.0,5.625,5.568321294597929,18,352.0,0.25804221965043167,10,152.0,0.3199381132281633,28,504.0
6350.0,31,473.0,8.155172413793103,5.14240173305759,17,417.0,0.3031143112481741,14,205.0,0.32728936038104,31,622.0
6355.0,25,461.0,8.232142857142858,3.557708652989845,13,439.0,0.23013044861792634,12,225.0,0.20363230799220156,25,664.0
6360.0,20,418.0,7.084745762711864,4.291251983582767,13,458.0,0.1679149425883066,7,191.0,0.29952847384207515,20,649.0
6365.0,16,358.0,5.868852459016393,6.264271371660021,12,452.0,0.2395447644677138,4,102.0,0.4464006305890269,16,554.0
6370.0,18,184.0,3.1186440677966103,6.516869753598275,10,348.0,0.37773120817757533,8,102.0,0.2653573484151693,18,450.0
6375.0,20,227.0,4.053571428571429,6.439275163313141,10,261.0,0.3605861255983395,10,141.0,0.3804982909521666,20,402.0
6380.0,18,285.0,5.377358490566038,6.453174708574616,14,323.0,0.1983424393540109,4,135.0,0.508837470393964,18,458.0
6385.0,24,361.0,7.078431372549019,5.63972821549665,16,364.0,0.10339686086065238,8,155.0,0.4838999394649548,24,519.0
6390.0,25,443.0,8.51923076923077,4.689516856062596,13,404.0,0.2097939674313849,12,204.0,0.27745150864164064,25,608.0
6395.0,21,396.0,7.764705882352941,4.59263917411457,8,394.0,0.307603677371877,13,239.0,0.17342040193333633,21,633.0
6400.0,18,438.0,8.264150943396226,5.766098472548812,11,393.0,0.2673925843443504,7,235.0,0.33764086777438285,18,628.0
6405.0,17,258.0,4.867924528301887,5.420494258651356,12,387.0,0.25458351051196054,5,155.0,0.3016004446827552,17,542.0
6410.0,21,188.0,3.2413793103448274,6.1956842995804156,10,311.0,0.3307891243279555,11,119.0,0.30438250396934824,21,430.0
6415.0,19,189.0,3.3157894736842106,6.224009455089206,8,313.0,0.36750600966983443,11,151.0,0.3927465848116681,19,464.0
6420.0,18,211.0,3.767857142857143,6.567757485955432,8,285.0,0.3198463285161245,10,176.0,0.4766516462365003,18,461.0
6425.0,19,182.0,3.0847457627118646,5.605550487937682,10,284.0,0.2789515476766128,9,173.0,0.3524930292523207,19,457.0
6430.0,20,197.0,3.2295081967213113,7.060997930595607,13,343.0,0.3329858381691714,7,127.0,0.4477754803970319,20,470.0
6435.0,17,225.0,3.6885245901639343,5.901960804371573,12,324.0,0.23952851427160082,5,142.0,0.4012520505011749,17,466.0
6440.0,22,236.0,3.806451612903226,6.152114678523538,10,251.0,0.24784717814094198,12,172.0,0.43664049411659195,22,423.0
6445.0,22,243.0,3.857142857142857,5.301220173627842,9,241.0,0.2950996552856525,13,188.0,0.42176305896011546,22,429.0
6450.0,23,279.0,4.65,5.649777761562512,12,207.0,0.356207812060369,11,179.0,0.3512482780891776,23,386.0
6455.0,22,246.0,3.9047619047619047,5.0819615835803855,9,182.0,0.3013061441974088,13,200.0,0.2864171908519198,22,382.0
6460.0,24,271.0,4.1692307692307695,5.634086357816516,12,214.0,0.2752343601420264,12,214.0,0.30858234116492333,24,428.0
6465.0,29,257.0,4.015625,4.649966908637752,13,239.0,0.2906279399433055,16,193.0,0.2756714770472255,29,432.0
6470.0,29,316.0,4.787878787878788,5.153700062966121,12,227.0,0.34225758539590645,17,252.0,0.27575187653226774,29,479.0
6475.0,33,337.0,4.955882352941177,4.392617681721936,13,253.0,0.28613954334896863,20,298.0,0.2601815931858652,33,551.0
6480.0,27,369.0,5.3478260869565215,5.056265963073156,10,246.0,0.3076377773120992,17,314.0,0.264531800000884,27,560.0
6485.0,23,295.0,4.214285714285714,4.852249488066069,8,205.0,0.23264680937038612,15,333.0,0.23124878339811913,23,538.0
6490.0,35,370.0,5.138888888888889,4.998316652222788,14,215.0,0.21903128525899027,21,356.0,0.24577208265064573,35,571.0
6495.0,33,349.0,5.132352941176471,4.558097793613402,12,222.0,0.2924546383723857,21,391.0,0.2767051489637682,33,613.0
6500.0,32,410.0,5.942028985507246,4.566258103600635,11,245.0,0.3657608293612992,21,394.0,0.2216224308477252,32,639.0
6505.0,38,458.0,6.450704225352113,3.9137869571565913,12,263.0,0.2776091141098749,26,476.0,0.1914503614231085,38,739.0
6510.0,35,496.0,6.794520547945205,4.365478864696276,7,235.0,0.3889613928143381,28,544.0,0.14956094804853037,35,779.0
6515.0,34,555.0,7.708333333333333,4.762646295791459,7,242.0,0.45699603692023566,27,596.0,0.15143988493585045,34,838.0
6520.0,26,346.0,4.552631578947368,4.899942587940679,5,177.0,0.36458838805911953,21,578.0,0.14536919292109435,26,755.0
6525.0,29,379.0,5.053333333333334,5.194969057329268,10,100.0,0.258925059535724,19,568.0,0.2035833862184003,29,668.0
6530.0,31,471.0,6.4520547945205475,5.601651577918275,10,137.0,0.38421478015402233,21,605.0,0.1944760241955105,31,742.0
6535.0,25,517.0,7.492753623188406,5.554249111835871,5,136.0,0.500093233822859,20,639.0,0.1264854332134622,25,775.0
6540.0,29,443.0,6.611940298507463,4.425015766535478,7,108.0,0.37753572075352,22,664.0,0.09154302162656269,29,772.0
6545.0,32,489.0,7.409090909090909,5.093604729668065,10,111.0,0.42985568669580365,22,640.0,0.1615002222217723,32,751.0
6550.0,32,512.0,8.126984126984127,4.526223769756981,11,102.0,0.38346118245690697,21,668.0,0.21886027175688338,32,770.0
6555.0,27,522.0,8.285714285714286,4.575881280132427,12,137.0,0.2291192792763465,15,625.0,0.28129685074094185,27,762.0
6560.0,27,468.0,7.3125,4.125625947949517,13,162.0,0.11765391796996565,14,583.0,0.2969376701726394,27,745.0
6565.0,24,268.0,4.1875,5.055029984214617,8,144.0,0.2957316315057047,16,508.0,0.2172546406898756,24,652.0
6570.0,22,288.0,4.5,4.964522466508289,5,145.0,0.3888591461204062,17,472.0,0.1646139596389083,22,617.0
6575.0,28,370.0,5.78125,4.682122820955942,11,167.0,0.3370080196313122,17,505.0,0.17665662070022106,28,672.0
6580.0,23,372.0,5.8125,5.426782762498907,10,186.0,0.3199085966763153,13,494.0,0.28647174491621935,23,680.0
6585.0,20,351.0,5.161764705882353,5.43881480729569,5,163.0,0.2073004507235035,15,513.0,0.3258280450672099,20,676.0
6590.0,21,274.0,3.971014492753623,5.827764441306026,3,133.0,0.4576358263673566,18,486.0,0.24869231940550932,21,619.0
6595.0,29,343.0,4.971014492753623,5.093597780604501,8,105.0,0.4872656089527349,21,540.0,0.14593570062186864,29,645.0
6600.0,22,404.0,6.2153846153846155,4.963658174103983,6,112.0,0.46619931592462344,16,571.0,0.1971910125752323,22,683.0
6605.0,21,413.0,6.555555555555555,4.634167015500016,4,88.0,0.316375457635551,17,589.0,0.17021882747382824,21,677.0
6610.0,24,414.0,6.9,4.593753886026854,7,100.0,0.3028574798302693,17,563.0,0.14965868970867177,24,663.0
6615.0,25,243.0,4.05,4.004522533048985,7,66.0,0.2947491286588147,18,504.0,0.07815877095656402,25,570.0
6620.0,29,304.0,5.428571428571429,4.536257401558263,9,100.0,0.40561473434171497,20,468.0,0.1336604680719105,29,568.0
6625.0,26,336.0,5.793103448275862,4.860189072216161,7,120.0,0.4742443888908662,19,512.0,0.1801097605294561,26,632.0
6630.0,17,275.0,4.661016949152542,5.85847413017591,6,122.0,0.4434052179067465,11,488.0,0.2247031745812578,17,610.0
6635.0,17,261.0,4.660714285714286,5.494629110165809,6,104.0,0.2759729689772528,11,419.0,0.25265845070996473,17,523.0
6640.0,20,268.0,4.701754385964913,5.177416407699438,11,132.0,0.23267926392024837,9,388.0,0.26994725381742746,20,520.0
6645.0,22,350.0,6.363636363636363,5.529840709744499,9,161.0,0.30180981268398416,13,402.0,0.42714669328709187,22,563.0
6650.0,19,401.0,7.566037735849057,5.96335706615794,6,148.0,0.4964122384020758,13,443.0,0.3735417790322606,19,591.0
6655.0,15,297.0,5.303571428571429,5.684135128658243,4,70.0,0.5519576296657055,11,440.0,0.25436326352016264,15,510.0
6660.0,21,330.0,5.689655172413793,5.24458824157142,9,74.0,0.40975569736600365,12,406.0,0.19479824732971077,21,480.0
6665.0,22,389.0,6.377049180327869,5.115254137159675,9,89.0,0.36050597616684293,13,462.0,0.2644110709883499,22,551.0
6670.0,20,428.0,7.016393442622951,5.6881806931213585,5,74.0,0.4045025144794957,15,516.0,0.281896484196254,20,590.0
6675.0,20,336.0,5.6,4.489725771078424,6,64.0,0.38688442569693016,14,474.0,0.22070002297283456,20,538.0
6680.0,25,430.0,6.935483870967742,5.603791873084202,7,77.0,0.45331746391951,18,501.0,0.16587353440736996,25,578.0
6685.0,27,485.0,7.82258064516129,5.149246292920051,9,110.0,0.44310646704458595,18,538.0,0.16618352447721196,27,648.0
6690.0,22,498.0,7.432835820895522,5.779060565404027,11,155.0,0.3819004730677969,11,519.0,0.27224328895659533,22,674.0
6695.0,25,347.0,5.257575757575758,4.658657155068544,14,173.0,0.19158253066720182,11,426.0,0.31268156687166676,25,599.0
6700.0,21,214.0,3.101449275362319,5.49559175511434,9,163.0,0.31366667813376403,12,295.0,0.3121966276660623,21,458.0
6705.0,25,205.0,3.0597014925373136,4.815657592741278,9,167.0,0.29040980751207573,16,313.0,0.24959772631231691,25,480.0
6710.0,32,291.0,4.279411764705882,4.563817189668765,14,192.0,0.20432909786215017,18,343.0,0.23941097389929525,32,535.0
6715.0,31,341.0,4.942028985507246,4.355468305534351,17,252.0,0.1687561283217873,14,353.0,0.3027454858646049,31,605.0
6720.0,26,287.0,4.1,5.3303599709084395,16,298.0,0.288145652289759,10,305.0,0.2968610506865737,26,603.0
6725.0,28,311.0,4.380281690140845,4.2349639216384105,15,312.0,0.1855285035270329,13,303.0,0.2726415872126735,28,615.0
6730.0,30,300.0,4.411764705882353,4.534236160675413,12,283.0,0.18796416112476794,18,299.0,0.2591972981984434,30,582.0
6735.0,27,366.0,5.304347826086956,5.048272692986185,9,265.0,0.36061240970815384,18,342.0,0.16886825018643614,27,607.0
6740.0,30,446.0,6.656716417910448,4.63870626742078,10,274.0,0.2992800393371342,20,391.0,0.13137257665543514,30,665.0
6745.0,33,505.0,7.537313432835821,4.385962354094932,14,284.0,0.27402065711746426,19,424.0,0.19176373819594575,33,708.0
6750.0,28,468.0,7.090909090909091,5.2400394528338845,15,321.0,0.25548596540327817,13,361.0,0.2894385504763103,28,682.0
6755.0,18,352.0,5.5,4.71374020473782,8,315.0,0.20334485397273694,10,318.0,0.2333229578159974,18,633.0
6760.0,26,265.0,4.140625,5.287604114695087,9,219.0,0.4081398863813444,17,309.0,0.12123217612282003,26,528.0
6765.0,29,376.0,5.7846153846153845,4.750686651720162,12,219.0,0.392900717536325,17,337.0,0.14185418522562868,29,556.0
6770.0,23,340.0,5.396825396825397,5.12805237864187,12,196.0,0.3427829042996652,11,300.0,0.28114753334495973,23,496.0
6775.0,22,355.0,5.634920634920635,5.178439249308037,14,213.0,0.19168569795649695,8,265.0,0.35822065757585775,22,478.0
6780.0,26,283.0,4.101449275362318,4.949950531947692,17,248.0,0.12684276058295588,9,251.0,0.3756110455357662,26,499.0
6785.0,24,284.0,4.2388059701492535,5.450996931386358,11,240.0,0.265112953982561,13,273.0,0.34466957288223427,24,513.0
6790.0,21,287.0,4.484375,4.647017512251215,9,254.0,0.21630331375495757,12,280.0,0.24356357977632367,21,534.0
6795.0,31,313.0,4.890625,3.9478039828595057,15,307.0,0.12635443790871254,16,296.0,0.16234195883242022,31,603.0
6800.0,34,405.0,6.428571428571429,3.900414300115983,16,349.0,0.15723956106095188,18,318.0,0.1789567852148434,34,667.0
6805.0,25,446.0,7.559322033898305,4.267466060538089,8,328.0,0.3140320910164603,17,374.0,0.14607060772716857,25,702.0
6810.0,31,443.0,7.508474576271187,4.409597046673052,9,290.0,0.3677267849256204,22,455.0,0.1083971550975953,31,745.0
6815.0,33,478.0,7.709677419354839,4.544364536827787,13,236.0,0.34596464600254556,20,515.0,0.14296881489929844,33,751.0
6820.0,26,494.0,8.098360655737705,4.601866192890065,13,260.0,0.18526679263779136,13,501.0,0.30592466280675396,26,761.0
6825.0,22,430.0,6.935483870967742,5.3291444655856735,9,245.0,0.28711139089259596,13,462.0,0.3032560775561024,22,707.0
6830.0,20,247.0,3.742424242424242,5.098399482730389,8,232.0,0.3421058732879518,12,395.0,0.18031177863383302,20,627.0
6835.0,28,264.0,4.0,4.488803150909613,13,193.0,0.26675570471451043,15,423.0,0.22143123615116447,28,616.0
6840.0,31,321.0,5.095238095238095,4.626723532893024,14,233.0,0.26833224953901164,17,425.0,0.3096114455102284,31,658.0
6845.0,28,332.0,5.26984126984127,4.096553988968664,11,223.0,0.209793779174505,17,451.0,0.25708011522800706,28,674.0
6850.0,19,212.0,3.4754098360655736,4.375976061963791,6,182.0,0.19631561112965099,13,423.0,0.20650547546111378,19,605.0
6855.0,24,266.0,4.15625,4.730296557951027,10,170.0,0.13606949447366468,14,401.0,0.29671013417163455,24,571.0
6860.0,28,312.0,4.8,4.679979155069652,13,204.0,0.1947499242447039,15,369.0,0.3058753799508473,28,573.0
6865.0,25,337.0,5.029850746268656,5.284555453594208,7,198.0,0.3954670294427889,18,398.0,0.2794019831996867,25,596.0
6870.0,25,273.0,4.2,5.47446089634717,5,134.0,0.4902225454411643,20,446.0,0.18499033645404775,25,580.0
6875.0,30,334.0,5.21875,4.571208800160184,9,128.0,0.37896378594803715,21,484.0,0.18327696211033206,30,612.0
6880.0,26,294.0,4.523076923076923,4.554930521948228,9,149.0,0.3009489148045629,17,458.0,0.18816598020723418,26,607.0
6885.0,21,330.0,5.0,5.760899824574677,5,128.0,0.39895672995021675,16,435.0,0.23703378866279742,21,563.0
6890.0,17,279.0,4.164179104477612,5.758306616161549,4,59.0,0.3450322350290831,13,452.0,0.24145394610298024,17,511.0
6895.0,29,375.0,5.597014925373134,5.954329320195723,11,85.0,0.38520295328572796,18,466.0,0.2827477926552186,29,551.0
6900.0,29,456.0,7.015384615384615,4.3973316455664015,10,114.0,0.30379716824838254,19,516.0,0.23990391577460038,29,630.0
6905.0,24,540.0,8.571428571428571,5.070834213143757,8,141.0,0.33042307461678383,16,549.0,0.25740262900832706,24,690.0
6910.0,25,499.0,7.920634920634921,4.658921667495134,8,134.0,0.2572672643125353,17,533.0,0.23899381322743773,25,667.0
6915.0,25,380.0,5.9375,5.127016647510149,6,82.0,0.32033586444683615,19,511.0,0.16404446802848738,25,593.0
6920.0,22,256.0,4.491228070175438,4.600471505725897,5,75.0,0.30693188778010994,17,478.0,0.15468518709172427,22,553.0
6925.0,26,337.0,6.127272727272727,5.261265136073226,5,87.0,0.5205716669004853,21,453.0,0.14209366907214438,26,540.0
6930.0,26,366.0,6.535714285714286,4.986639602655748,6,94.0,0.4237686556053143,20,507.0,0.20643529930709326,26,601.0
6935.0,28,462.0,8.4,5.092706917656865,8,133.0,0.48831174754773576,20,534.0,0.1854647551477368,28,667.0
6940.0,25,447.0,7.982142857142857,4.743653685715379,5,141.0,0.4690351612656998,20,565.0,0.19498574766956675,25,706.0
6945.0,16,320.0,5.614035087719298,5.8650242966670865,4,138.0,0.4726504567051998,12,511.0,0.24130942068855085,16,649.0
6950.0,16,195.0,3.5454545454545454,5.513058742540149,6,76.0,0.3755896255922775,10,467.0,0.21154832194207454,16,543.0
6955.0,23,187.0,3.280701754385965,5.103459433981061,9,71.0,0.30314580933693724,14,406.0,0.19136610679052654,23,477.0
6960.0,20,199.0,3.7547169811320753,5.218395379306069,6,91.0,0.3625185498351017,14,423.0,0.21780662131978346,20,514.0
6965.0,21,277.0,5.326923076923077,5.827770961224949,6,93.0,0.5338033111177877,15,477.0,0.18719481635154167,21,570.0
6970.0,22,303.0,5.611111111111111,5.545592276506229,5,103.0,0.5286446446369081,17,467.0,0.1600901843066205,22,570.0
6975.0,18,298.0,5.321428571428571,6.084773119207924,8,132.0,0.3382004852459144,10,381.0,0.33109897089694645,18,513.0
6980.0,20,305.0,5.446428571428571,5.485673263670171,7,124.0,0.29222316082228506,13,370.0,0.32296966343178457,20,494.0
6985.0,22,359.0,6.410714285714286,5.956615175230376,9,166.0,0.3975289843907621,13,348.0,0.28789128422248805,22,514.0
6990.0,18,317.0,5.763636363636364,5.0900153152020895,6,138.0,0.45557210431737055,12,350.0,0.24390214110923186,18,488.0
6995.0,22,384.0,7.384615384615385,5.610639083442027,7,126.0,0.4245371933712106,15,357.0,0.2656292462865978,22,483.0
7000.0,22,282.0,5.127272727272727,5.292505118178973,6,103.0,0.43462614984874975,16,367.0,0.1961757351322378,22,470.0
7005.0,17,187.0,3.5283018867924527,6.130850650393623,4,35.0,0.5136073041105922,13,330.0,0.18218485889751268,17,365.0
7010.0,19,221.0,4.804347826086956,4.383852808797476,3,37.0,0.47615887214206526,16,359.0,0.09167648444211018,19,396.0
7015.0,25,266.0,5.659574468085107,3.632265426902633,9,72.0,0.2824067284994348,16,383.0,0.10488127033466185,25,455.0
7020.0,21,282.0,6.0,4.246651628068668,7,90.0,0.3938723305366913,14,408.0,0.20154230031135753,21,498.0
7025.0,20,296.0,6.883720930232558,5.431997736766182,8,97.0,0.4091758799246356,12,396.0,0.2853971664529762,20,493.0
7030.0,19,295.0,6.555555555555555,4.287606848533599,6,90.0,0.3235561260316752,13,403.0,0.20220049622915742,19,493.0
7035.0,17,279.0,6.2,5.308680137029842,3,57.0,0.4459132181789681,14,399.0,0.18401286402384331,17,456.0
7040.0,18,336.0,8.195121951219512,5.235413567476415,5,58.0,0.5879361200633819,13,425.0,0.08527979818452472,18,483.0
7045.0,15,339.0,8.268292682926829,5.696318134877446,4,33.0,0.4787380583250218,11,429.0,0.12916381303697302,15,462.0
7050.0,16,345.0,8.625,5.066159594961311,7,58.0,0.2325179859948454,9,418.0,0.2429502915435288,16,476.0
7055.0,16,332.0,7.904761904761905,6.7057487182239885,8,81.0,0.3125289246018689,8,372.0,0.43219889249054555,16,453.0
7060.0,16,402.0,10.307692307692308,6.487223941859345,7,98.0,0.37368578992491236,9,392.0,0.3913276465827657,16,490.0
7065.0,11,175.0,4.487179487179487,6.343355579286602,4,78.0,0.43185379714569827,7,254.0,0.4008938879957777,11,332.0
7070.0,14,230.0,5.897435897435898,6.930384291609444,6,98.0,0.4431725167231151,8,210.0,0.3741379500377384,14,308.0
7075.0,12,177.0,4.0227272727272725,6.436317492592445,5,79.0,0.5458897529556216,7,217.0,0.22618920362923367,12,296.0
7080.0,8,159.0,3.533333333333333,8.21539266990557,2,33.0,0.640665482440056,6,206.0,0.3209993588483408,8,239.0
7085.0,8,100.0,2.272727272727273,7.568512524311607,4,46.0,0.5032305050459739,4,145.0,0.15538106060818085,8,191.0
7090.0,12,102.0,2.1702127659574466,8.125862346452758,7,75.0,0.4091311217971717,5,58.0,0.3511163146793256,12,133.0
7095.0,10,109.0,2.477272727272727,7.3292649037830495,7,91.0,0.33329876827391863,3,49.0,0.4108458760693745,10,140.0
7100.0,12,155.0,3.9743589743589745,8.225297286137335,9,125.0,0.339770940319214,3,49.0,0.637791653596195,12,174.0
7105.0,9,162.0,4.2631578947368425,7.2423378772927895,6,126.0,0.23358310586424122,3,64.0,0.614550375537522,9,190.0
7110.0,12,183.0,4.815789473684211,7.75542383480576,8,150.0,0.19944876360125008,4,52.0,0.6399505905628851,12,202.0
7115.0,10,174.0,4.461538461538462,7.545625052995114,5,151.0,0.28434962025455907,5,71.0,0.6133295231257458,10,222.0
7120.0,9,170.0,4.358974358974359,8.259994010071996,4,122.0,0.5672439759860614,5,78.0,0.4772416896128578,9,200.0
7125.0,10,102.0,2.6842105263157894,7.866361059942685,3,84.0,0.5992114155184688,7,91.0,0.4029144396891182,10,175.0
7130.0,10,94.0,2.473684210526316,6.386552762963602,3,31.0,0.6182809609588513,7,97.0,0.19798471858463837,10,128.0
7135.0,12,136.0,3.5789473684210527,6.946350352006593,5,51.0,0.5114997355221516,7,98.0,0.36331357769755745,12,149.0
7140.0,11,84.0,2.210526315789474,5.512420450385135,7,64.0,0.3357506415065502,4,60.0,0.2827411489920426,11,124.0
7145.0,12,129.0,3.0714285714285716,7.165258486979032,5,82.0,0.5398646573762776,7,55.0,0.13005700926937463,12,137.0
7150.0,10,93.0,2.268292682926829,7.7773376140322386,5,55.0,0.5157508312600961,5,70.0,0.3018643458521375,10,125.0
7155.0,7,118.0,2.95,9.651116115656853,4,59.0,0.570366397412402,3,68.0,0.591487035244898,7,127.0
7160.0,7,52.0,1.4857142857142858,7.30555395340771,7,57.0,0.27108935045602955,0,26.0,0.6518822858485366,7,83.0
7165.0,10,95.0,2.7941176470588234,7.388712233237334,9,101.0,0.29518816190480995,1,2.0,0.5791306221967042,10,103.0
7170.0,11,97.0,2.9393939393939394,6.5506903553833675,7,107.0,0.3631088342609402,4,15.0,0.5068497014701151,11,122.0
7175.0,11,151.0,4.194444444444445,8.241453351622221,7,121.0,0.4788975649280879,4,35.0,0.5363425193424544,11,156.0
7180.0,9,127.0,3.6285714285714286,7.118585585196126,4,82.0,0.4241409769337699,5,60.0,0.41214797043195417,9,142.0
7185.0,10,125.0,3.289473684210526,7.211108571926637,7,103.0,0.41670225071857403,3,47.0,0.4242147617770684,10,150.0
7190.0,9,78.0,2.0,7.534083467068856,6,86.0,0.3357990750190557,3,29.0,0.6770960677709829,9,115.0
7195.0,10,127.0,3.0238095238095237,8.171809901999259,7,92.0,0.44310850578212985,3,47.0,0.6686631286129593,10,139.0
7200.0,9,134.0,3.268292682926829,8.068405239675347,5,97.0,0.5201503091429618,4,63.0,0.612287446365874,9,160.0
